1.000	0.334	0.796	0.946	0.760
2.000	0.333	0.793	0.948	0.767
3.000	0.331	0.801	0.951	0.786
4.000	0.333	0.796	0.945	0.783
5.000	0.335	0.800	0.951	0.786
6.000	0.336	0.792	0.944	0.777
7.000	0.333	0.798	0.934	0.782
8.000	0.335	0.798	0.975	0.794
9.000	0.337	0.802	0.958	0.793
10.000	0.336	0.800	0.977	0.792
11.000	0.336	0.798	0.950	0.788
12.000	0.336	0.800	0.966	0.803
13.000	0.337	0.798	0.974	0.797
14.000	0.336	0.807	1.015	0.803
15.000	0.337	0.806	0.988	0.805
16.000	0.337	0.808	0.988	0.809
17.000	0.338	0.807	0.991	0.825
18.000	0.338	0.814	0.979	0.814
19.000	0.339	0.812	0.975	0.818
20.000	0.340	0.816	0.990	0.826
21.000	0.342	0.814	0.992	0.821
22.000	0.339	0.817	0.994	0.831
23.000	0.339	0.821	1.002	0.829
24.000	0.346	0.823	0.998	0.828
25.000	0.341	0.821	1.005	0.833
26.000	0.345	0.821	1.008	0.835
27.000	0.341	0.825	1.002	0.838
28.000	0.345	0.828	1.023	0.846
29.000	0.348	0.834	1.030	0.854
30.000	0.348	0.832	1.028	0.845
31.000	0.346	0.828	1.019	0.843
32.000	0.350	0.836	1.040	0.850
33.000	0.350	0.830	1.033	0.848
34.000	0.354	0.831	1.047	0.857
35.000	0.351	0.832	1.034	0.859
36.000	0.351	0.837	1.044	0.865
37.000	0.350	0.835	1.041	0.869
38.000	0.358	0.844	1.046	0.875
39.000	0.355	0.843	1.062	0.881
40.000	0.356	0.853	1.070	0.883
41.000	0.360	0.848	1.106	0.877
42.000	0.363	0.853	1.069	0.888
43.000	0.356	0.857	1.082	0.888
44.000	0.364	0.856	1.078	0.884
45.000	0.362	0.854	1.075	0.896
46.000	0.365	0.862	1.080	0.895
47.000	0.367	0.867	1.100	0.907
48.000	0.370	0.865	1.085	0.898
49.000	0.368	0.863	1.101	0.911
50.000	0.366	0.869	1.101	0.916
51.000	0.372	0.870	1.096	0.903
52.000	0.373	0.878	1.112	0.918
53.000	0.372	0.876	1.127	0.923
54.000	0.376	0.873	1.125	0.919
55.000	0.377	0.879	1.121	0.928
56.000	0.378	0.875	1.115	0.918
57.000	0.375	0.883	1.139	0.927
58.000	0.380	0.890	1.138	0.940
59.000	0.379	0.894	1.145	0.929
60.000	0.383	0.887	1.152	0.939
61.000	0.381	0.900	1.151	0.943
62.000	0.384	0.902	1.149	0.945
63.000	0.382	0.901	1.153	0.954
64.000	0.385	0.902	1.151	0.953
65.000	0.386	0.912	1.159	0.948
66.000	0.389	0.909	1.175	0.959
67.000	0.389	0.906	1.162	0.960
68.000	0.393	0.911	1.173	0.959
69.000	0.389	0.916	1.181	0.966
70.000	0.394	0.914	1.191	0.966
71.000	0.394	0.914	1.177	0.975
72.000	0.392	0.918	1.176	0.980
73.000	0.394	0.923	1.195	0.980
74.000	0.400	0.928	1.197	0.987
75.000	0.402	0.936	1.195	0.988
76.000	0.405	0.934	1.211	0.987
77.000	0.408	0.937	1.221	0.997
78.000	0.406	0.945	1.219	0.988
79.000	0.408	0.947	1.203	1.000
80.000	0.410	0.952	1.218	0.997
81.000	0.408	0.952	1.228	1.007
82.000	0.411	0.947	1.244	1.003
83.000	0.414	0.955	1.236	1.010
84.000	0.412	0.960	0.891	1.017
85.000	0.419	0.962	0.880	1.022
86.000	0.417	0.961	0.906	1.030
87.000	0.419	0.967	0.912	1.023
88.000	0.420	0.979	0.908	1.034
89.000	0.423	0.975	0.894	1.030
90.000	0.426	0.980	0.911	1.045
91.000	0.425	0.974	0.901	1.040
92.000	0.426	0.979	0.904	1.048
93.000	0.426	0.984	0.911	1.060
94.000	0.428	0.986	0.913	1.060
95.000	0.430	0.992	0.924	1.060
96.000	0.430	0.994	0.919	1.067
97.000	0.431	0.992	0.909	1.072
98.000	0.431	1.003	0.933	1.074
99.000	0.432	0.998	0.943	1.079
100.000	0.434	1.008	0.935	1.078
101.000	0.435	1.012	0.942	1.086
102.000	0.437	1.013	0.939	1.088
103.000	0.439	1.028	0.959	1.090
104.000	0.438	1.038	0.960	1.110
105.000	0.441	1.036	0.958	1.114
106.000	0.442	1.039	0.969	1.110
107.000	0.447	1.031	0.968	1.113
108.000	0.449	1.040	0.968	1.131
109.000	0.457	1.046	0.972	1.124
110.000	0.454	1.044	0.992	1.124
111.000	0.458	1.070	0.979	1.150
112.000	0.460	1.062	0.988	1.147
113.000	0.460	1.066	0.989	1.152
114.000	0.463	1.062	0.985	1.159
115.000	0.460	1.066	0.977	1.160
116.000	0.464	1.073	0.982	1.158
117.000	0.470	1.071	0.992	0.657
118.000	0.472	1.079	1.000	0.664
119.000	0.471	1.077	1.014	0.662
120.000	0.472	1.085	1.000	0.668
121.000	0.471	1.084	1.017	0.665
122.000	0.476	1.092	1.017	0.675
123.000	0.472	1.089	1.013	0.670
124.000	0.476	1.093	1.022	0.676
125.000	0.480	1.105	1.019	0.682
126.000	0.482	1.109	1.034	0.671
127.000	0.488	1.111	1.034	0.683
128.000	0.487	1.115	1.043	0.680
129.000	0.492	1.123	1.031	0.684
130.000	0.491	1.115	1.033	0.681
131.000	0.495	1.128	1.054	0.689
132.000	0.494	1.126	1.058	0.688
133.000	0.491	1.125	1.047	0.689
134.000	0.499	1.133	1.072	0.704
135.000	0.502	1.136	1.058	0.703
136.000	0.502	1.133	1.079	0.703
137.000	0.502	1.147	1.074	0.706
138.000	0.509	1.152	1.076	0.708
139.000	0.509	1.152	1.089	0.708
140.000	0.511	1.164	1.090	0.710
141.000	0.510	1.160	1.086	0.717
142.000	0.512	1.179	1.082	0.718
143.000	0.516	1.185	1.090	0.721
144.000	0.516	1.176	1.118	0.726
145.000	0.520	1.171	1.092	0.729
146.000	0.523	1.179	1.115	0.730
147.000	0.530	0.784	1.124	0.749
148.000	0.526	0.783	1.111	0.740
149.000	0.530	0.789	1.115	0.748
150.000	0.535	0.795	1.122	0.748
151.000	0.534	0.793	1.161	0.752
152.000	0.533	0.786	1.150	0.749
153.000	0.540	0.794	1.143	0.760
154.000	0.544	0.793	1.144	0.757
155.000	0.544	0.795	1.173	0.758
156.000	0.546	0.799	1.165	0.763
157.000	0.547	0.799	1.162	0.762
158.000	0.550	0.804	1.169	0.766
159.000	0.554	0.806	1.179	0.772
160.000	0.555	0.819	1.170	0.774
161.000	0.559	0.806	1.188	0.776
162.000	0.562	0.820	1.199	0.783
163.000	0.568	0.816	1.195	0.793
164.000	0.569	0.821	1.190	0.787
165.000	0.573	0.825	1.212	0.793
166.000	0.574	0.821	1.197	0.795
167.000	0.576	0.831	1.209	0.796
168.000	0.579	0.827	1.222	0.800
169.000	0.583	0.836	1.237	0.805
170.000	0.591	0.833	1.227	0.804
171.000	0.583	0.838	1.246	0.813
172.000	0.592	0.838	1.241	0.821
173.000	0.592	0.844	1.250	0.822
174.000	0.294	0.866	1.247	0.835
175.000	0.297	0.868	1.273	0.825
176.000	0.299	0.857	1.295	0.826
177.000	0.298	0.878	1.006	0.837
178.000	0.301	0.878	1.004	0.839
179.000	0.300	0.877	1.031	0.839
180.000	0.301	0.879	1.028	0.846
181.000	0.300	0.881	1.027	0.846
182.000	0.302	0.887	1.034	0.849
183.000	0.301	0.897	1.032	0.845
184.000	0.302	0.890	1.045	0.856
185.000	0.306	0.898	1.041	0.860
186.000	0.307	0.899	1.043	0.864
187.000	0.306	0.904	1.045	0.870
188.000	0.305	0.904	1.059	0.869
189.000	0.307	0.910	1.055	0.870
190.000	0.308	0.917	1.065	0.883
191.000	0.309	0.923	1.067	0.880
192.000	0.309	0.915	1.073	0.879
193.000	0.309	0.927	1.081	0.897
194.000	0.311	0.936	1.073	0.897
195.000	0.311	0.926	1.091	0.897
196.000	0.310	0.936	1.096	0.906
197.000	0.311	0.929	1.091	0.910
198.000	0.320	0.939	1.098	0.910
199.000	0.315	0.936	1.102	0.909
200.000	0.319	0.951	1.099	0.922
201.000	0.317	0.960	1.126	0.917
202.000	0.321	0.957	1.096	0.931
203.000	0.322	0.956	1.124	0.925
204.000	0.324	0.960	1.123	0.940
205.000	0.324	0.962	1.118	0.931
206.000	0.329	0.972	1.123	0.944
207.000	0.325	0.968	1.140	0.951
208.000	0.328	0.979	1.129	0.949
209.000	0.330	0.982	1.151	0.956
210.000	0.330	0.989	1.152	0.963
211.000	0.332	0.992	1.162	0.974
212.000	0.332	0.989	1.157	0.972
213.000	0.333	1.003	1.166	0.979
214.000	0.336	1.000	1.180	0.981
215.000	0.334	0.998	1.196	0.982
216.000	0.335	1.012	1.184	0.979
217.000	0.337	1.008	1.197	0.988
218.000	0.339	1.024	1.193	1.007
219.000	0.339	1.021	1.197	1.006
220.000	0.340	1.030	1.224	1.005
221.000	0.340	1.034	1.228	1.004
222.000	0.345	1.041	1.215	1.024
223.000	0.340	1.035	1.230	1.014
224.000	0.342	1.037	1.215	1.027
225.000	0.346	1.044	1.225	1.029
226.000	0.346	1.047	1.213	1.039
227.000	0.347	1.061	1.229	1.029
228.000	0.349	1.061	1.258	1.043
229.000	0.349	1.065	1.233	1.053
230.000	0.350	1.065	1.230	1.048
231.000	0.350	1.078	1.258	1.063
232.000	0.355	1.078	1.272	1.069
233.000	0.356	1.082	0.981	1.075
234.000	0.354	1.078	0.979	1.079
235.000	0.357	1.083	0.994	1.076
236.000	0.357	1.096	1.011	1.090
237.000	0.360	1.098	1.009	1.093
238.000	0.360	1.112	1.028	1.099
239.000	0.367	1.110	1.035	1.096
240.000	0.362	1.112	1.039	1.109
241.000	0.367	1.116	1.047	1.102
242.000	0.367	1.124	1.058	1.126
243.000	0.367	1.125	1.055	1.124
244.000	0.370	1.135	1.064	1.126
245.000	0.374	1.133	1.069	1.125
246.000	0.375	1.140	1.076	1.142
247.000	0.375	1.148	1.080	1.142
248.000	0.379	1.150	1.098	1.146
249.000	0.376	1.153	1.089	1.156
250.000	0.377	1.170	1.110	1.158
251.000	0.379	1.166	1.114	1.161
252.000	0.382	1.165	1.113	1.171
253.000	0.386	1.172	1.142	1.178
254.000	0.381	1.182	1.138	1.186
255.000	0.384	1.186	1.144	1.191
256.000	0.388	0.693	1.148	0.582
257.000	0.388	0.692	1.155	0.589
258.000	0.390	0.694	1.157	0.596
259.000	0.392	0.695	1.154	0.593
260.000	0.396	0.700	1.166	0.592
261.000	0.398	0.701	1.184	0.595
262.000	0.401	0.702	1.177	0.597
263.000	0.406	0.704	1.176	0.603
264.000	0.403	0.701	1.173	0.600
265.000	0.406	0.714	1.195	0.612
266.000	0.408	0.708	1.194	0.608
267.000	0.410	0.715	1.201	0.608
268.000	0.410	0.709	1.197	0.607
269.000	0.417	0.715	1.210	0.610
270.000	0.413	0.714	1.222	0.614
271.000	0.417	0.720	1.217	0.617
272.000	0.416	0.724	1.220	0.628
273.000	0.422	0.721	1.229	0.622
274.000	0.423	0.724	1.238	0.628
275.000	0.425	0.740	1.226	0.630
276.000	0.427	0.739	1.266	0.632
277.000	0.428	0.743	1.262	0.635
278.000	0.430	0.735	1.275	0.635
279.000	0.423	0.739	1.268	0.634
280.000	0.428	0.742	0.969	0.648
281.000	0.428	0.742	0.958	0.639
282.000	0.430	0.749	0.982	0.655
283.000	0.429	0.741	0.966	0.647
284.000	0.431	0.756	0.975	0.660
285.000	0.435	0.757	0.979	0.657
286.000	0.441	0.757	0.998	0.661
287.000	0.441	0.757	1.002	0.661
288.000	0.439	0.759	0.990	0.667
289.000	0.446	0.764	0.996	0.670
290.000	0.448	0.763	1.007	0.669
291.000	0.452	0.763	1.014	0.670
292.000	0.452	0.765	1.031	0.668
293.000	0.452	0.773	1.037	0.674
294.000	0.453	0.772	1.043	0.676
295.000	0.459	0.778	1.041	0.680
296.000	0.464	0.775	1.039	0.683
297.000	0.460	0.783	1.047	0.683
298.000	0.467	0.783	1.072	0.688
299.000	0.466	0.785	1.078	0.696
300.000	0.468	0.783	1.079	0.689
301.000	0.467	0.792	1.082	0.701
302.000	0.471	0.791	1.082	0.695
303.000	0.471	0.797	1.095	0.703
304.000	0.472	0.793	1.094	0.706
305.000	0.481	0.808	1.113	0.711
306.000	0.475	0.805	1.124	0.709
307.000	0.480	0.800	1.112	0.708
308.000	0.488	0.814	1.138	0.716
309.000	0.488	0.815	1.137	0.716
310.000	0.490	0.813	1.157	0.721
311.000	0.497	0.818	1.161	0.721
312.000	0.495	0.815	1.150	0.726
313.000	0.498	0.827	1.171	0.737
314.000	0.499	0.827	1.163	0.736
315.000	0.498	0.823	1.168	0.728
316.000	0.501	0.826	1.180	0.738
317.000	0.502	0.833	1.195	0.745
318.000	0.508	0.829	1.199	0.741
319.000	0.510	0.840	1.208	0.747
320.000	0.506	0.832	1.192	0.747
321.000	0.512	0.848	1.206	0.756
322.000	0.514	0.845	1.195	0.758
323.000	0.519	0.854	1.233	0.760
324.000	0.522	0.854	1.233	0.762
325.000	0.525	0.854	1.222	0.764
326.000	0.525	0.859	1.231	0.765
327.000	0.531	0.867	1.249	0.775
328.000	0.531	0.870	1.242	0.772
329.000	0.534	0.866	1.259	0.774
330.000	0.533	0.872	1.274	0.775
331.000	0.537	0.879	0.914	0.782
332.000	0.538	0.875	0.912	0.781
333.000	0.544	0.877	0.906	0.786
334.000	0.542	0.885	0.926	0.792
335.000	0.545	0.885	0.920	0.795
336.000	0.551	0.893	0.931	0.803
337.000	0.548	0.885	0.941	0.797
338.000	0.553	0.899	0.956	0.816
339.000	0.553	0.902	0.962	0.810
340.000	0.554	0.907	0.964	0.815
341.000	0.560	0.905	0.963	0.811
342.000	0.573	0.903	0.963	0.820
343.000	0.568	0.915	0.981	0.827
344.000	0.575	0.916	0.993	0.824
345.000	0.578	0.915	0.984	0.833
346.000	0.576	0.924	0.999	0.831
347.000	0.583	0.926	0.994	0.839
348.000	0.583	0.923	0.998	0.840
349.000	0.587	0.937	1.019	0.850
350.000	0.591	0.938	1.026	0.858
351.000	0.591	0.937	1.003	0.854
352.000	0.277	0.945	1.035	0.857
353.000	0.279	0.939	1.022	0.861
354.000	0.285	0.959	1.033	0.869
355.000	0.283	0.953	1.046	0.868
356.000	0.284	0.954	1.034	0.871
357.000	0.284	0.957	1.046	0.870
358.000	0.286	0.971	1.066	0.881
359.000	0.289	0.971	1.055	0.878
360.000	0.287	0.974	1.054	0.890
361.000	0.292	0.976	1.084	0.892
362.000	0.292	0.985	1.079	0.907
363.000	0.292	0.983	1.093	0.903
364.000	0.292	0.982	1.086	0.897
365.000	0.295	0.986	1.088	0.910
366.000	0.296	0.998	1.088	0.912
367.000	0.299	0.996	1.115	0.918
368.000	0.299	0.997	1.107	0.913
369.000	0.301	1.013	1.108	0.927
370.000	0.299	1.010	1.122	0.926
371.000	0.304	1.011	1.105	0.929
372.000	0.305	1.018	1.114	0.934
373.000	0.308	1.023	1.123	0.944
374.000	0.305	1.029	1.121	0.938
375.000	0.304	1.019	1.130	0.945
376.000	0.305	1.039	1.135	0.957
377.000	0.307	1.046	1.139	0.957
378.000	0.304	1.044	1.154	0.964
379.000	0.308	1.045	1.164	0.963
380.000	0.308	1.046	1.151	0.970
381.000	0.310	1.057	1.141	0.986
382.000	0.309	1.067	1.193	0.982
383.000	0.308	1.070	1.171	0.988
384.000	0.311	1.072	1.164	0.983
385.000	0.313	1.072	1.159	0.994
386.000	0.310	1.072	1.164	1.000
387.000	0.313	1.082	1.177	0.997
388.000	0.320	1.091	1.166	1.010
389.000	0.314	1.097	1.169	1.019
390.000	0.323	1.098	1.169	1.027
391.000	0.320	1.090	1.181	1.023
392.000	0.319	1.108	1.185	1.029
393.000	0.321	1.115	1.183	1.037
394.000	0.328	1.119	1.176	1.042
395.000	0.327	1.122	1.194	1.045
396.000	0.324	1.122	1.192	1.056
397.000	0.327	1.122	1.193	1.059
398.000	0.328	1.133	1.213	1.061
399.000	0.332	1.148	1.201	1.068
400.000	0.329	1.149	1.181	1.070
401.000	0.332	1.157	1.214	1.078
402.000	0.335	1.157	1.221	1.081
403.000	0.330	1.159	1.222	1.077
404.000	0.333	1.162	1.229	1.072
405.000	0.337	1.163	1.226	1.084
406.000	0.336	1.178	1.233	1.100
407.000	0.338	1.169	1.230	1.093
408.000	0.339	0.719	1.238	1.091
409.000	0.338	0.712	1.267	1.116
410.000	0.338	0.719	1.252	1.110
411.000	0.341	0.722	1.241	1.121
412.000	0.347	0.723	1.258	1.116
413.000	0.342	0.720	1.258	1.125
414.000	0.349	0.726	1.253	1.132
415.000	0.353	0.743	0.920	1.130
416.000	0.356	0.748	0.958	1.135
417.000	0.361	0.755	0.969	1.150
418.000	0.367	0.751	1.004	1.157
419.000	0.364	0.753	0.995	1.153
420.000	0.364	0.755	0.994	1.163
421.000	0.367	0.752	1.027	1.168
422.000	0.368	0.763	1.025	1.178
423.000	0.373	0.765	1.047	1.185
424.000	0.376	0.770	1.037	0.627
425.000	0.378	0.779	1.061	0.628
426.000	0.378	0.771	1.040	0.625
427.000	0.380	0.781	1.071	0.634
428.000	0.378	0.778	1.059	0.631
429.000	0.385	0.791	1.070	0.643
430.000	0.382	0.787	1.063	0.638
431.000	0.386	0.794	1.084	0.647
432.000	0.384	0.794	1.084	0.644
433.000	0.384	0.786	1.091	0.641
434.000	0.388	0.795	1.090	0.651
435.000	0.393	0.798	1.103	0.650
436.000	0.396	0.802	1.123	0.660
437.000	0.392	0.802	1.118	0.660
438.000	0.395	0.798	1.122	0.660
439.000	0.393	0.807	1.124	0.656
440.000	0.396	0.807	1.130	0.659
441.000	0.400	0.813	1.163	0.670
442.000	0.400	0.819	1.167	0.667
443.000	0.407	0.819	1.173	0.674
444.000	0.406	0.825	1.172	0.673
445.000	0.409	0.821	1.164	0.674
446.000	0.407	0.825	1.174	0.671
447.000	0.410	0.820	1.164	0.676
448.000	0.413	0.828	1.186	0.682
449.000	0.412	0.833	1.194	0.683
450.000	0.417	0.840	1.217	0.687
451.000	0.420	0.838	1.194	0.689
452.000	0.420	0.837	1.225	0.693
453.000	0.420	0.843	1.219	0.694
454.000	0.424	0.838	1.227	0.694
455.000	0.430	0.844	1.222	0.704
456.000	0.421	0.840	1.246	0.699
457.000	0.429	0.850	1.245	0.710
458.000	0.431	0.857	1.246	0.707
459.000	0.429	0.854	1.245	0.711
460.000	0.430	0.858	1.262	0.714
461.000	0.433	0.865	1.283	0.716
462.000	0.432	0.872	0.947	0.716
463.000	0.436	0.873	0.958	0.717
464.000	0.437	0.876	0.954	0.719
465.000	0.439	0.880	0.970	0.736
466.000	0.438	0.880	0.971	0.727
467.000	0.444	0.882	0.988	0.736
468.000	0.449	0.889	0.980	0.733
469.000	0.445	0.895	0.985	0.734
470.000	0.447	0.895	1.003	0.738
471.000	0.452	0.897	1.012	0.740
472.000	0.459	0.895	1.024	0.747
473.000	0.458	0.897	1.010	0.750
474.000	0.459	0.909	1.031	0.756
475.000	0.462	0.911	1.032	0.757
476.000	0.463	0.914	1.030	0.758
477.000	0.467	0.915	1.054	0.761
478.000	0.466	0.927	1.060	0.762
479.000	0.470	0.914	1.074	0.761
480.000	0.467	0.918	1.061	0.769
481.000	0.468	0.924	1.076	0.771
482.000	0.473	0.926	1.088	0.771
483.000	0.473	0.930	1.098	0.773
484.000	0.474	0.933	1.095	0.788
485.000	0.478	0.934	1.106	0.783
486.000	0.480	0.944	1.130	0.792
487.000	0.489	0.955	1.127	0.794
488.000	0.489	0.940	1.149	0.788
489.000	0.486	0.935	1.132	0.796
490.000	0.491	0.946	1.155	0.796
491.000	0.496	0.957	1.168	0.808
492.000	0.493	0.965	1.148	0.812
493.000	0.495	0.960	1.168	0.822
494.000	0.497	0.964	1.166	0.806
495.000	0.498	0.961	1.173	0.818
496.000	0.510	0.965	1.173	0.822
497.000	0.509	0.973	1.191	0.824
498.000	0.512	0.981	1.199	0.823
499.000	0.513	0.973	1.192	0.831
500.000	0.516	0.988	1.200	0.839
501.000	0.514	0.985	1.202	0.840
502.000	0.519	0.995	1.224	0.840
503.000	0.523	0.995	1.225	0.850
504.000	0.525	0.991	1.226	0.839
505.000	0.525	0.998	1.228	0.848
506.000	0.529	1.000	1.226	0.859
507.000	0.532	1.001	1.236	0.853
508.000	0.539	1.008	1.261	0.853
509.000	0.530	1.009	1.252	0.873
510.000	0.542	1.026	1.286	0.874
511.000	0.544	1.018	1.269	0.873
512.000	0.545	1.027	0.975	0.894
513.000	0.545	1.033	0.948	0.893
514.000	0.552	1.038	0.963	0.903
515.000	0.553	1.062	0.969	0.912
516.000	0.549	1.062	0.990	0.914
517.000	0.561	1.063	0.989	0.915
518.000	0.558	1.066	1.013	0.920
519.000	0.565	1.065	1.001	0.918
520.000	0.578	1.070	1.025	0.926
521.000	0.576	1.072	1.014	0.937
522.000	0.573	1.076	1.028	0.934
523.000	0.576	1.084	1.039	0.939
524.000	0.580	1.084	1.043	0.935
525.000	0.583	1.088	1.047	0.949
526.000	0.583	1.099	1.048	0.960
527.000	0.584	1.097	1.065	0.957
528.000	0.592	1.106	1.082	0.962
529.000	0.588	1.101	1.094	0.969
530.000	0.276	1.118	1.102	0.978
531.000	0.274	1.119	1.099	0.972
532.000	0.276	1.119	1.105	0.980
533.000	0.281	1.125	1.095	0.990
534.000	0.281	1.127	1.108	0.988
535.000	0.277	1.128	1.108	0.992
536.000	0.285	1.128	1.121	0.995
537.000	0.280	1.138	1.120	1.006
538.000	0.282	1.139	1.134	1.003
539.000	0.283	1.158	1.148	1.010
540.000	0.285	1.154	1.146	1.011
541.000	0.286	1.157	1.142	1.028
542.000	0.291	1.157	1.172	1.032
543.000	0.287	1.168	1.185	1.035
544.000	0.293	1.164	1.187	1.034
545.000	0.294	1.171	1.173	1.039
546.000	0.292	1.172	1.190	1.049
547.000	0.296	1.180	1.197	1.050
548.000	0.291	0.590	1.192	1.060
549.000	0.295	0.593	1.200	1.064
550.000	0.298	0.590	1.202	1.059
551.000	0.300	0.593	1.207	1.067
552.000	0.297	0.594	1.205	1.076
553.000	0.298	0.598	1.198	1.081
554.000	0.301	0.601	1.237	1.084
555.000	0.299	0.604	1.220	1.101
556.000	0.301	0.607	1.217	1.091
557.000	0.301	0.601	1.242	1.096
558.000	0.306	0.615	1.237	1.107
559.000	0.307	0.610	1.264	1.122
560.000	0.305	0.607	1.244	1.117
561.000	0.306	0.616	1.284	1.122
562.000	0.308	0.615	1.280	1.129
563.000	0.310	0.631	0.958	1.141
564.000	0.308	0.631	0.940	1.139
565.000	0.308	0.630	0.954	1.145
566.000	0.311	0.630	0.974	1.154
567.000	0.312	0.632	0.994	1.158
568.000	0.315	0.633	1.003	1.161
569.000	0.318	0.640	1.022	1.171
570.000	0.316	0.639	1.009	1.179
571.000	0.319	0.638	1.036	1.190
572.000	0.319	0.643	1.036	0.614
573.000	0.315	0.646	1.039	0.611
574.000	0.323	0.648	1.068	0.618
575.000	0.324	0.642	1.067	0.613
576.000	0.325	0.657	1.084	0.625
577.000	0.322	0.649	1.086	0.622
578.000	0.327	0.652	1.089	0.630
579.000	0.326	0.656	1.115	0.640
580.000	0.328	0.658	1.110	0.634
581.000	0.328	0.658	1.116	0.623
582.000	0.334	0.661	1.123	0.634
583.000	0.332	0.659	1.139	0.634
584.000	0.335	0.664	1.149	0.645
585.000	0.332	0.660	1.125	0.634
586.000	0.335	0.668	1.141	0.643
587.000	0.337	0.669	1.142	0.648
588.000	0.337	0.662	1.164	0.646
589.000	0.337	0.664	1.164	0.651
590.000	0.338	0.671	1.148	0.652
591.000	0.342	0.673	1.159	0.649
592.000	0.342	0.671	1.166	0.650
593.000	0.344	0.677	1.169	0.665
594.000	0.341	0.684	1.207	0.667
595.000	0.346	0.683	1.182	0.672
596.000	0.345	0.682	1.201	0.671
597.000	0.349	0.685	1.199	0.667
598.000	0.345	0.684	1.201	0.679
599.000	0.351	0.685	1.205	0.680
600.000	0.350	0.681	1.206	0.675
601.000	0.354	0.682	1.234	0.674
602.000	0.353	0.696	1.215	0.681
603.000	0.353	0.688	1.245	0.682
604.000	0.353	0.693	1.249	0.680
605.000	0.358	0.697	1.219	0.687
606.000	0.361	0.702	1.248	0.699
607.000	0.360	0.696	1.267	0.693
608.000	0.360	0.704	1.256	0.697
609.000	0.363	0.702	1.264	0.694
610.000	0.363	0.708	1.255	0.703
611.000	0.362	0.707	1.251	0.707
612.000	0.369	0.717	0.952	0.716
613.000	0.369	0.713	0.939	0.718
614.000	0.372	0.715	0.981	0.728
615.000	0.376	0.714	0.997	0.726
616.000	0.374	0.720	1.008	0.738
617.000	0.377	0.715	1.036	0.737
618.000	0.379	0.721	1.016	0.737
619.000	0.379	0.720	1.031	0.740
620.000	0.379	0.724	1.076	0.738
621.000	0.385	0.723	1.081	0.748
622.000	0.380	0.732	1.082	0.756
623.000	0.381	0.736	1.078	0.757
624.000	0.387	0.741	1.091	0.760
625.000	0.386	0.744	1.119	0.753
626.000	0.388	0.734	1.105	0.750
627.000	0.388	0.739	1.130	0.756
628.000	0.390	0.739	1.123	0.758
629.000	0.388	0.746	1.140	0.761
630.000	0.399	0.747	1.152	0.772
631.000	0.391	0.746	1.163	0.772
632.000	0.390	0.751	1.159	0.780
633.000	0.395	0.752	1.182	0.777
634.000	0.399	0.751	1.181	0.779
635.000	0.398	0.761	1.183	0.784
636.000	0.405	0.758	1.196	0.785
637.000	0.404	0.764	1.205	0.794
638.000	0.406	0.763	1.219	0.794
639.000	0.409	0.767	1.198	0.801
640.000	0.412	0.761	1.211	0.797
641.000	0.412	0.771	1.214	0.800
642.000	0.410	0.763	1.245	0.811
643.000	0.413	0.773	1.226	0.808
644.000	0.421	0.783	1.244	0.814
645.000	0.420	0.782	1.256	0.820
646.000	0.423	0.785	1.241	0.826
647.000	0.427	0.786	1.253	0.831
648.000	0.426	0.790	1.257	0.830
649.000	0.425	0.795	1.273	0.832
650.000	0.428	0.779	0.949	0.838
651.000	0.428	0.756	0.973	0.839
652.000	0.430	0.720	0.981	0.843
653.000	0.432	0.708	1.007	0.842
654.000	0.432	0.709	1.016	0.844
655.000	0.435	0.706	1.023	0.854
656.000	0.436	0.711	1.008	0.850
657.000	0.439	0.709	1.031	0.848
658.000	0.441	0.712	1.071	0.862
659.000	0.442	0.716	1.064	0.872
660.000	0.442	0.721	1.069	0.874
661.000	0.445	0.718	1.086	0.880
662.000	0.452	0.720	1.089	0.880
663.000	0.451	0.723	1.104	0.894
664.000	0.453	0.728	1.108	0.894
665.000	0.453	0.727	1.121	0.895
666.000	0.461	0.734	1.127	0.896
667.000	0.460	0.734	1.154	0.909
668.000	0.464	0.731	1.157	0.915
669.000	0.462	0.734	1.158	0.913
670.000	0.471	0.746	1.170	0.912
671.000	0.470	0.739	1.176	0.911
672.000	0.472	0.746	1.180	0.926
673.000	0.473	0.740	1.186	0.921
674.000	0.471	0.748	1.198	0.932
675.000	0.476	0.746	1.210	0.937
676.000	0.478	0.749	1.208	0.939
677.000	0.480	0.751	1.218	0.941
678.000	0.478	0.758	1.231	0.937
679.000	0.490	0.758	1.234	0.949
680.000	0.491	0.757	1.242	0.960
681.000	0.492	0.762	1.257	0.965
682.000	0.492	0.768	1.250	0.980
683.000	0.496	0.769	1.280	0.978
684.000	0.500	0.773	1.267	0.980
685.000	0.495	0.774	1.270	0.987
686.000	0.501	0.771	1.272	0.984
687.000	0.501	0.772	1.275	0.990
688.000	0.511	0.785	1.288	0.993
689.000	0.509	0.786	1.299	0.995
690.000	0.504	0.769	1.281	1.007
691.000	0.508	0.793	1.312	1.006
692.000	0.514	0.796	1.303	1.026
693.000	0.516	0.795	1.328	1.014
694.000	0.517	0.797	1.332	1.027
695.000	0.521	0.791	1.328	1.030
696.000	0.524	0.798	1.329	1.045
697.000	0.524	0.804	1.322	1.037
698.000	0.525	0.807	1.357	1.049
699.000	0.529	0.814	1.353	1.055
700.000	0.534	0.809	1.361	1.063
701.000	0.539	0.822	1.370	1.070
702.000	0.543	0.824	1.389	1.077
703.000	0.542	0.818	1.387	1.076
704.000	0.542	0.831	1.351	1.083
705.000	0.543	0.831	1.367	1.080
706.000	0.548	0.839	1.390	1.094
707.000	0.545	0.834	1.385	1.098
708.000	0.561	0.833	1.408	1.111
709.000	0.561	0.834	1.389	1.106
710.000	0.563	0.843	1.421	1.110
711.000	0.563	0.844	1.415	1.125
712.000	0.573	0.844	1.419	1.124
713.000	0.569	0.846	1.444	1.139
714.000	0.569	0.855	1.448	1.135
715.000	0.577	0.855	1.463	1.148
716.000	0.574	0.853	1.461	1.151
717.000	0.585	0.862	1.465	1.157
718.000	0.584	0.865	1.465	1.149
719.000	0.589	0.868	1.470	1.170
720.000	0.174	0.245	0.139	0.509
721.000	0.258	0.245	0.321	0.507
722.000	0.254	0.247	0.810	0.512
723.000	0.254	0.244	0.812	0.515
724.000	0.255	0.249	0.829	0.513
725.000	0.257	0.253	0.896	0.516
726.000	0.254	0.252	0.877	0.518
727.000	0.257	0.249	0.882	0.511
728.000	0.255	0.254	0.919	0.522
729.000	0.256	0.250	0.893	0.517
730.000	0.255	0.253	0.926	0.520
731.000	0.255	0.261	0.955	0.528
732.000	0.255	0.250	0.909	0.521
733.000	0.254	0.250	0.929	0.521
734.000	0.254	0.252	0.939	0.523
735.000	0.253	0.251	0.952	0.525
736.000	0.254	0.253	0.990	0.540
737.000	0.250	0.255	0.986	0.534
738.000	0.253	0.252	0.997	0.536
739.000	0.254	0.256	0.998	0.541
740.000	0.255	0.251	1.013	0.539
741.000	0.250	0.254	1.006	0.544
742.000	0.255	0.255	1.030	0.547
743.000	0.254	0.252	1.012	0.549
744.000	0.255	0.253	1.027	0.550
745.000	0.252	0.256	1.046	0.552
746.000	0.250	0.257	1.053	0.558
747.000	0.248	0.252	1.056	0.554
748.000	0.250	0.253	1.066	0.559
749.000	0.249	0.251	1.060	0.554
750.000	0.249	0.258	1.071	0.561
751.000	0.245	0.252	1.069	0.559
752.000	0.244	0.253	1.079	0.555
753.000	0.247	0.251	1.089	0.560
754.000	0.245	0.253	1.096	0.562
755.000	0.243	0.252	1.093	0.567
756.000	0.238	0.252	1.121	0.568
757.000	0.239	0.257	1.120	0.574
758.000	0.238	0.257	1.108	0.577
759.000	0.230	0.252	1.124	0.576
760.000	0.230	0.256	1.138	0.573
761.000	0.229	0.258	1.153	0.577
762.000	0.229	0.261	1.143	0.583
763.000	0.228	0.259	1.139	0.586
764.000	0.224	0.259	1.154	0.590
765.000	0.223	0.264	1.149	0.593
766.000	0.224	0.260	1.157	0.590
767.000	0.223	0.255	1.169	0.588
768.000	0.222	0.258	1.165	0.589
769.000	0.220	0.261	1.164	0.594
770.000	0.235	0.265	0.158	0.603
771.000	0.247	0.263	0.723	0.602
772.000	0.244	0.261	0.822	0.606
773.000	0.245	0.264	0.866	0.614
774.000	0.245	0.264	0.857	0.611
775.000	0.248	0.263	0.854	0.607
776.000	0.242	0.263	0.873	0.608
777.000	0.242	0.263	0.888	0.615
778.000	0.237	0.263	0.915	0.619
779.000	0.238	0.264	0.901	0.625
780.000	0.231	0.261	0.904	0.625
781.000	0.228	0.259	0.918	0.625
782.000	0.228	0.269	0.938	0.633
783.000	0.227	0.267	0.963	0.633
784.000	0.226	0.265	0.948	0.632
785.000	0.225	0.266	0.979	0.633
786.000	0.220	0.262	0.973	0.633
787.000	0.218	0.265	0.992	0.642
788.000	0.221	0.261	0.968	0.641
789.000	0.216	0.269	1.010	0.650
790.000	0.216	0.265	1.015	0.645
791.000	0.215	0.268	1.013	0.646
792.000	0.214	0.267	1.025	0.658
793.000	0.215	0.263	1.034	0.652
794.000	0.216	0.262	1.032	0.653
795.000	0.212	0.262	1.050	0.658
796.000	0.214	0.264	1.046	0.658
797.000	0.205	0.265	1.067	0.666
798.000	0.209	0.268	1.073	0.663
799.000	0.203	0.267	1.064	0.662
800.000	0.206	0.269	1.095	0.672
801.000	0.209	0.272	1.086	0.674
802.000	0.207	0.267	1.079	0.678
803.000	0.207	0.268	1.112	0.678
804.000	0.206	0.269	1.116	0.692
805.000	0.202	0.263	1.109	0.685
806.000	0.204	0.268	1.095	0.681
807.000	0.203	0.267	1.126	0.678
808.000	0.204	0.270	1.115	0.693
809.000	0.207	0.273	1.140	0.690
810.000	0.208	0.268	1.130	0.692
811.000	0.207	0.272	1.145	0.707
812.000	0.207	0.268	1.142	0.702
813.000	0.207	0.273	1.150	0.703
814.000	0.209	0.267	1.153	0.706
815.000	0.210	0.268	1.139	0.705
816.000	0.213	0.274	1.159	0.708
817.000	0.214	0.277	1.170	0.719
818.000	0.216	0.268	0.685	0.708
819.000	0.217	0.273	0.820	0.720
820.000	0.216	0.271	0.822	0.719
821.000	0.216	0.275	0.854	0.723
822.000	0.218	0.273	0.865	0.728
823.000	0.215	0.268	0.854	0.727
824.000	0.217	0.270	0.876	0.731
825.000	0.216	0.276	0.915	0.743
826.000	0.216	0.268	0.902	0.735
827.000	0.219	0.269	0.894	0.748
828.000	0.219	0.278	0.952	0.753
829.000	0.218	0.276	0.936	0.752
830.000	0.218	0.272	0.945	0.747
831.000	0.220	0.272	0.938	0.748
832.000	0.220	0.272	0.958	0.755
833.000	0.220	0.276	0.994	0.761
834.000	0.221	0.277	0.977	0.768
835.000	0.225	0.277	1.005	0.777
836.000	0.222	0.273	0.974	0.766
837.000	0.223	0.273	0.987	0.772
838.000	0.224	0.275	1.037	0.778
839.000	0.224	0.270	1.017	0.776
840.000	0.227	0.275	1.031	0.779
841.000	0.226	0.278	1.047	0.786
842.000	0.223	0.272	1.053	0.786
843.000	0.228	0.274	1.042	0.793
844.000	0.226	0.272	1.067	0.791
845.000	0.225	0.277	1.087	0.810
846.000	0.226	0.276	1.072	0.811
847.000	0.225	0.277	1.096	0.815
848.000	0.225	0.271	1.084	0.808
849.000	0.226	0.276	1.091	0.817
850.000	0.225	0.277	1.119	0.800
851.000	0.228	0.279	1.113	0.808
852.000	0.226	0.273	1.116	0.802
853.000	0.227	0.284	1.141	0.811
854.000	0.227	0.273	1.114	0.812
855.000	0.228	0.274	1.119	0.821
856.000	0.229	0.282	1.127	0.831
857.000	0.226	0.277	1.138	0.824
858.000	0.228	0.281	1.146	0.828
859.000	0.228	0.284	1.127	0.835
860.000	0.229	0.284	1.139	0.841
861.000	0.231	0.282	1.159	0.838
862.000	0.230	0.277	1.162	0.848
863.000	0.227	0.275	1.148	0.841
864.000	0.234	0.279	1.144	0.845
865.000	0.232	0.278	0.188	0.849
866.000	0.229	0.280	0.789	0.859
867.000	0.230	0.284	0.833	0.862
868.000	0.233	0.283	0.838	0.864
869.000	0.234	0.285	0.865	0.865
870.000	0.233	0.278	0.855	0.871
871.000	0.232	0.279	0.870	0.875
872.000	0.233	0.281	0.867	0.874
873.000	0.241	0.287	0.893	0.880
874.000	0.238	0.281	0.903	0.883
875.000	0.240	0.279	0.899	0.890
876.000	0.237	0.284	0.940	0.904
877.000	0.238	0.287	0.968	0.903
878.000	0.242	0.286	0.966	0.901
879.000	0.243	0.288	0.984	0.914
880.000	0.244	0.283	0.984	0.912
881.000	0.249	0.286	0.974	0.916
882.000	0.251	0.291	1.002	0.922
883.000	0.254	0.283	1.012	0.923
884.000	0.255	0.292	1.017	0.933
885.000	0.259	0.283	1.012	0.934
886.000	0.260	0.284	1.026	0.941
887.000	0.262	0.293	1.061	0.950
888.000	0.265	0.291	1.058	0.949
889.000	0.269	0.292	1.082	0.957
890.000	0.271	0.284	1.053	0.946
891.000	0.272	0.295	1.073	0.957
892.000	0.277	0.289	1.081	0.956
893.000	0.279	0.295	1.084	0.969
894.000	0.280	0.286	1.081	0.969
895.000	0.279	0.288	1.085	0.972
896.000	0.284	0.295	1.112	0.981
897.000	0.283	0.299	1.129	0.989
898.000	0.287	0.290	1.116	0.990
899.000	0.287	0.291	1.117	0.988
900.000	0.294	0.292	1.116	0.993
901.000	0.291	0.298	1.142	1.002
902.000	0.294	0.298	1.155	1.004
903.000	0.293	0.302	1.148	1.010
904.000	0.284	0.297	1.156	1.018
905.000	0.287	0.294	1.130	1.025
906.000	0.288	0.296	1.170	1.029
907.000	0.280	0.299	1.167	1.030
908.000	0.283	0.303	1.178	1.030
909.000	0.279	0.298	1.173	1.040
910.000	0.281	0.305	0.186	1.051
911.000	0.283	0.305	0.812	1.059
912.000	0.283	0.302	0.814	1.064
913.000	0.286	0.297	0.828	1.059
914.000	0.286	0.298	0.842	1.049
915.000	0.291	0.305	0.887	1.061
916.000	0.285	0.297	0.868	1.075
917.000	0.287	0.306	0.904	1.083
918.000	0.284	0.307	0.924	1.085
919.000	0.282	0.301	0.906	0.757
920.000	0.283	0.305	0.950	0.765
921.000	0.281	0.304	0.954	0.763
922.000	0.285	0.307	0.943	0.762
923.000	0.287	0.304	0.952	0.767
924.000	0.289	0.303	0.959	0.768
925.000	0.287	0.303	0.985	0.763
926.000	0.291	0.307	0.988	0.775
927.000	0.298	0.307	0.996	0.779
928.000	0.296	0.308	1.033	0.782
929.000	0.305	0.307	1.013	0.786
930.000	0.307	0.307	1.026	0.792
931.000	0.297	0.306	1.018	0.799
932.000	0.298	0.309	1.036	0.794
933.000	0.295	0.310	1.048	0.799
934.000	0.296	0.304	1.048	0.799
935.000	0.298	0.314	1.065	0.802
936.000	0.301	0.311	1.075	0.806
937.000	0.299	0.313	1.078	0.816
938.000	0.301	0.307	1.088	0.817
939.000	0.307	0.310	1.079	0.823
940.000	0.308	0.312	1.104	0.829
941.000	0.308	0.310	1.085	0.836
942.000	0.308	0.307	1.102	0.833
943.000	0.309	0.309	1.100	0.839
944.000	0.309	0.308	1.124	0.836
945.000	0.309	0.314	1.126	0.842
946.000	0.310	0.315	1.134	0.848
947.000	0.312	0.312	1.137	0.846
948.000	0.312	0.316	1.149	0.856
949.000	0.316	0.316	1.150	0.866
950.000	0.311	0.309	1.141	0.855
951.000	0.316	0.312	1.154	0.871
952.000	0.317	0.317	1.163	0.873
953.000	0.319	0.310	1.153	0.872
954.000	0.319	0.316	1.174	0.876
955.000	0.326	0.317	0.216	0.897
956.000	0.329	0.314	0.755	0.902
957.000	0.331	0.315	0.809	0.902
958.000	0.335	0.312	0.820	0.902
959.000	0.332	0.317	0.839	0.911
960.000	0.332	0.315	0.870	0.923
961.000	0.335	0.317	0.852	0.920
962.000	0.331	0.317	0.878	0.926
963.000	0.330	0.321	0.889	0.947
964.000	0.329	0.325	0.900	0.936
965.000	0.323	0.323	0.910	0.934
966.000	0.315	0.325	0.925	0.948
967.000	0.312	0.330	0.953	0.948
968.000	0.309	0.321	0.929	0.956
969.000	0.308	0.321	0.929	0.947
970.000	0.312	0.329	0.974	0.959
971.000	0.311	0.328	0.979	0.966
972.000	0.317	0.330	1.000	0.964
973.000	0.319	0.327	1.012	0.978
974.000	0.325	0.331	1.025	0.977
975.000	0.335	0.323	1.005	0.983
976.000	0.335	0.322	1.027	0.984
977.000	0.334	0.330	1.034	0.987
978.000	0.335	0.332	1.035	0.996
979.000	0.336	0.335	1.068	0.997
980.000	0.339	0.337	1.075	0.996
981.000	0.335	0.334	1.068	1.006
982.000	0.337	0.331	1.090	1.015
983.000	0.340	0.337	1.076	1.016
984.000	0.341	0.336	1.084	1.023
985.000	0.338	0.336	1.090	1.031
986.000	0.324	0.335	1.100	1.027
987.000	0.320	0.337	1.116	1.038
988.000	0.321	0.333	1.130	1.049
989.000	0.316	0.338	1.131	1.043
990.000	0.308	0.337	1.141	1.051
991.000	0.308	0.337	1.126	1.051
992.000	0.308	0.341	1.152	1.052
993.000	0.309	0.337	1.152	1.071
994.000	0.309	0.337	1.141	1.072
995.000	0.287	0.342	1.146	1.078
996.000	0.289	0.340	1.158	1.085
997.000	0.291	0.338	1.140	1.084
998.000	0.293	0.345	1.169	0.746
999.000	0.288	0.345	1.159	0.753
1000.000	0.284	0.346	0.196	0.764
1001.000	0.286	0.347	0.819	0.765
1002.000	0.288	0.348	0.831	0.770
1003.000	0.281	0.347	0.847	0.772
1004.000	0.280	0.349	0.858	0.772
1005.000	0.281	0.350	0.878	0.776
1006.000	0.275	0.353	0.898	0.784
1007.000	0.276	0.355	0.884	0.786
1008.000	0.270	0.358	0.915	0.793
1009.000	0.267	0.355	0.925	0.792
1010.000	0.265	0.352	0.920	0.794
1011.000	0.258	0.360	0.949	0.796
1012.000	0.257	0.361	0.947	0.806
1013.000	0.259	0.355	0.959	0.803
1014.000	0.258	0.363	0.989	0.809
1015.000	0.260	0.362	0.995	0.816
1016.000	0.261	0.361	0.984	0.816
1017.000	0.261	0.359	0.985	0.820
1018.000	0.264	0.360	1.001	0.822
1019.000	0.264	0.369	1.024	0.828
1020.000	0.268	0.364	1.017	0.825
1021.000	0.267	0.362	1.036	0.822
1022.000	0.267	0.361	1.030	0.836
1023.000	0.266	0.365	1.033	0.834
1024.000	0.267	0.364	1.048	0.835
1025.000	0.269	0.364	1.053	0.840
1026.000	0.266	0.369	1.069	0.844
1027.000	0.265	0.366	1.069	0.850
1028.000	0.268	0.374	1.062	0.854
1029.000	0.269	0.374	1.092	0.861
1030.000	0.270	0.368	1.095	0.855
1031.000	0.270	0.368	1.082	0.864
1032.000	0.272	0.373	1.111	0.864
1033.000	0.271	0.376	1.125	0.871
1034.000	0.278	0.380	1.112	0.875
1035.000	0.275	0.374	1.117	0.872
1036.000	0.277	0.372	1.129	0.882
1037.000	0.275	0.373	1.104	0.883
1038.000	0.273	0.382	1.139	0.893
1039.000	0.278	0.376	1.144	0.901
1040.000	0.279	0.380	1.135	0.900
1041.000	0.283	0.375	1.126	0.899
1042.000	0.276	0.376	1.141	0.903
1043.000	0.281	0.379	1.158	0.906
1044.000	0.283	0.383	1.159	0.916
1045.000	0.282	0.382	1.168	0.917
1046.000	0.284	0.377	0.206	0.913
1047.000	0.278	0.384	0.358	0.923
1048.000	0.284	0.385	0.598	0.935
1049.000	0.286	0.387	0.676	0.929
1050.000	0.285	0.385	0.797	0.922
1051.000	0.287	0.387	0.841	0.936
1052.000	0.285	0.388	0.831	0.950
1053.000	0.285	0.384	0.844	0.946
1054.000	0.283	0.390	0.866	0.945
1055.000	0.282	0.387	0.907	0.947
1056.000	0.286	0.385	0.914	0.945
1057.000	0.284	0.387	0.907	0.962
1058.000	0.294	0.391	0.916	0.963
1059.000	0.286	0.389	0.924	0.976
1060.000	0.281	0.387	0.973	0.976
1061.000	0.283	0.387	0.971	0.977
1062.000	0.277	0.391	0.974	0.979
1063.000	0.280	0.392	0.977	0.985
1064.000	0.278	0.390	1.001	0.984
1065.000	0.289	0.392	1.004	0.989
1066.000	0.289	0.392	0.998	0.998
1067.000	0.287	0.392	0.994	0.997
1068.000	0.293	0.394	1.037	1.007
1069.000	0.293	0.398	1.016	1.007
1070.000	0.287	0.391	1.024	1.010
1071.000	0.295	0.396	1.040	1.016
1072.000	0.289	0.398	1.050	1.020
1073.000	0.291	0.395	1.034	1.015
1074.000	0.295	0.399	1.060	1.028
1075.000	0.296	0.400	1.059	1.029
1076.000	0.297	0.400	1.060	1.033
1077.000	0.297	0.398	1.055	1.049
1078.000	0.298	0.401	1.069	1.048
1079.000	0.294	0.399	1.065	1.052
1080.000	0.298	0.407	1.067	1.034
1081.000	0.300	0.406	1.109	1.037
1082.000	0.304	0.400	1.079	1.049
1083.000	0.300	0.406	1.087	1.048
1084.000	0.302	0.400	1.091	1.046
1085.000	0.304	0.410	1.101	1.060
1086.000	0.306	0.407	1.098	1.064
1087.000	0.305	0.404	1.105	1.071
1088.000	0.304	0.411	1.125	1.075
1089.000	0.306	0.409	1.106	1.075
1090.000	0.302	0.410	1.117	1.087
1091.000	0.302	0.411	1.111	0.733
1092.000	0.300	0.409	1.139	0.739
1093.000	0.306	0.411	1.122	0.749
1094.000	0.308	0.411	1.140	0.753
1095.000	0.308	0.406	1.150	0.745
1096.000	0.307	0.417	1.143	0.759
1097.000	0.308	0.415	1.160	0.755
1098.000	0.307	0.404	1.155	0.743
1099.000	0.316	0.418	1.147	0.758
1100.000	0.309	0.416	1.166	0.763
1101.000	0.315	0.422	1.177	0.793
1102.000	0.387	0.409	0.216	0.792
1103.000	0.394	0.409	0.394	0.796
1104.000	0.384	0.397	0.658	0.795
1105.000	0.385	0.410	0.854	0.797
1106.000	0.387	0.409	0.892	0.796
1107.000	0.389	0.403	0.904	0.799
1108.000	0.388	0.407	0.905	0.800
1109.000	0.378	0.404	0.920	0.807
1110.000	0.378	0.405	0.931	0.819
1111.000	0.378	0.407	0.949	0.822
1112.000	0.378	0.412	0.953	0.821
1113.000	0.379	0.411	0.963	0.829
1114.000	0.379	0.406	0.967	0.827
1115.000	0.379	0.414	0.967	0.838
1116.000	0.378	0.410	0.993	0.837
1117.000	0.374	0.414	0.992	0.833
1118.000	0.374	0.413	1.012	0.837
1119.000	0.371	0.415	1.008	0.840
1120.000	0.371	0.413	1.028	0.841
1121.000	0.370	0.413	1.026	0.850
1122.000	0.369	0.416	1.038	0.855
1123.000	0.374	0.419	1.045	0.858
1124.000	0.376	0.416	1.058	0.853
1125.000	0.371	0.417	1.047	0.867
1126.000	0.375	0.424	1.082	0.868
1127.000	0.380	0.420	1.069	0.873
1128.000	0.375	0.422	1.078	0.872
1129.000	0.379	0.428	1.086	0.877
1130.000	0.379	0.418	1.109	0.872
1131.000	0.380	0.427	1.086	0.883
1132.000	0.382	0.430	1.090	0.892
1133.000	0.387	0.425	1.116	0.884
1134.000	0.389	0.426	1.119	0.886
1135.000	0.396	0.430	1.094	0.897
1136.000	0.414	0.433	1.125	0.913
1137.000	0.422	0.438	1.139	0.924
1138.000	0.429	0.439	1.143	0.927
1139.000	0.427	0.433	1.145	0.914
1140.000	0.439	0.437	1.152	0.934
1141.000	0.445	0.436	1.152	0.933
1142.000	0.426	0.440	0.206	0.932
1143.000	0.415	0.440	0.319	0.947
1144.000	0.419	0.441	0.459	0.940
1145.000	0.426	0.441	0.555	0.945
1146.000	0.416	0.450	0.797	0.967
1147.000	0.407	0.440	0.851	0.955
1148.000	0.398	0.445	0.862	0.972
1149.000	0.399	0.444	0.885	0.964
1150.000	0.396	0.451	0.914	0.972
1151.000	0.393	0.440	0.904	0.959
1152.000	0.388	0.449	0.919	0.969
1153.000	0.401	0.444	0.947	0.974
1154.000	0.393	0.442	0.924	0.973
1155.000	0.391	0.443	0.951	0.985
1156.000	0.391	0.449	0.965	0.996
1157.000	0.388	0.444	0.962	0.991
1158.000	0.392	0.449	0.980	0.992
1159.000	0.391	0.444	0.987	1.000
1160.000	0.395	0.454	1.004	1.016
1161.000	0.395	0.450	0.994	1.025
1162.000	0.398	0.457	1.007	1.016
1163.000	0.403	0.455	1.017	1.026
1164.000	0.412	0.464	1.020	1.033
1165.000	0.410	0.453	1.024	1.027
1166.000	0.420	0.456	1.040	1.038
1167.000	0.429	0.455	1.036	1.036
1168.000	0.431	0.472	1.079	1.037
1169.000	0.439	0.473	1.062	1.045
1170.000	0.449	0.463	1.054	1.046
1171.000	0.457	0.473	1.076	1.049
1172.000	0.454	0.478	1.078	1.075
1173.000	0.441	0.474	1.084	1.080
1174.000	0.448	0.469	1.078	1.070
1175.000	0.462	0.495	1.087	1.075
1176.000	0.470	0.473	1.086	1.080
1177.000	0.472	0.470	1.074	1.068
1178.000	0.490	0.476	1.096	1.079
1179.000	0.493	0.482	1.116	0.866
1180.000	0.330	0.479	1.137	0.770
1181.000	0.329	0.478	1.138	0.772
1182.000	0.332	0.487	1.134	0.784
1183.000	0.334	0.489	1.116	0.776
1184.000	0.331	0.481	1.126	0.783
1185.000	0.328	0.488	1.129	0.782
1186.000	0.327	0.480	1.163	0.784
1187.000	0.327	0.489	1.160	0.791
1188.000	0.325	0.489	1.149	0.791
1189.000	0.321	0.488	1.151	0.790
1190.000	0.324	0.486	1.157	0.790
1191.000	0.324	0.488	1.166	0.791
1192.000	0.327	0.492	1.135	0.797
1193.000	0.321	0.493	1.155	0.800
1194.000	0.319	0.493	1.148	0.801
1195.000	0.312	0.495	1.157	0.803
1196.000	0.310	0.492	1.164	0.797
1197.000	0.311	0.500	1.167	0.815
1198.000	0.308	0.498	0.197	0.814
1199.000	0.336	0.498	0.237	0.821
1200.000	0.334	0.501	0.368	0.821
1201.000	0.328	0.502	0.471	0.824
1202.000	0.334	0.501	0.704	0.825
1203.000	0.332	0.503	0.797	0.829
1204.000	0.332	0.503	0.827	0.827
1205.000	0.331	0.506	0.854	0.825
1206.000	0.336	0.500	0.868	0.834
1207.000	0.334	0.498	0.902	0.835
1208.000	0.336	0.506	0.926	0.837
1209.000	0.335	0.511	0.961	0.849
1210.000	0.330	0.504	0.941	0.840
1211.000	0.328	0.510	0.948	0.853
1212.000	0.326	0.512	0.968	0.852
1213.000	0.317	0.510	0.962	0.850
1214.000	0.312	0.514	0.977	0.864
1215.000	0.307	0.518	0.981	0.863
1216.000	0.306	0.513	0.971	0.862
1217.000	0.309	0.521	0.994	0.865
1218.000	0.309	0.516	0.988	0.872
1219.000	0.317	0.525	1.005	0.868
1220.000	0.326	0.518	1.013	0.871
1221.000	0.329	0.521	0.988	0.871
1222.000	0.337	0.525	1.022	0.884
1223.000	0.342	0.527	1.034	0.892
1224.000	0.340	0.529	1.023	0.893
1225.000	0.336	0.537	1.048	0.897
1226.000	0.331	0.532	1.038	0.898
1227.000	0.321	0.536	1.056	0.896
1228.000	0.322	0.538	1.041	0.904
1229.000	0.316	0.536	1.039	0.903
1230.000	0.316	0.529	1.043	0.902
1231.000	0.314	0.533	1.063	0.908
1232.000	0.317	0.541	1.064	0.907
1233.000	0.322	0.540	1.071	0.910
1234.000	0.323	0.542	1.071	0.926
1235.000	0.321	0.537	1.084	0.914
1236.000	0.326	0.546	1.092	0.925
1237.000	0.329	0.544	1.093	0.930
1238.000	0.330	0.548	1.082	0.927
1239.000	0.333	0.549	1.093	0.944
1240.000	0.338	0.548	1.084	0.949
1241.000	0.336	0.546	1.100	0.936
1242.000	0.337	0.552	1.108	0.947
1243.000	0.336	0.554	1.122	0.954
1244.000	0.331	0.557	1.102	0.945
1245.000	0.329	0.548	1.107	0.957
1246.000	0.325	0.550	1.098	0.952
1247.000	0.321	0.559	1.113	0.957
1248.000	0.316	0.556	1.118	0.960
1249.000	0.316	0.561	1.148	0.970
1250.000	0.314	0.564	1.122	0.963
1251.000	0.308	0.567	1.144	0.974
1252.000	0.303	0.562	1.140	0.970
1253.000	0.296	0.575	1.139	0.988
1254.000	0.295	0.576	1.130	0.988
1255.000	0.289	0.573	1.126	0.990
1256.000	0.287	0.577	1.127	0.996
1257.000	0.291	0.577	1.139	0.986
1258.000	0.281	0.579	1.152	1.000
1259.000	0.281	0.579	1.134	0.998
1260.000	0.281	0.583	1.157	1.001
1261.000	0.279	0.576	1.143	1.005
1262.000	0.280	0.583	1.149	1.005
1263.000	0.275	0.582	1.149	1.007
1264.000	0.274	0.584	1.162	1.018
1265.000	0.274	0.588	1.185	1.019
1266.000	0.269	0.585	1.170	1.013
1267.000	0.268	0.585	1.160	1.014
1268.000	0.265	0.586	1.161	1.028
1269.000	0.268	0.589	1.175	1.035
1270.000	0.273	0.586	1.148	1.035
1271.000	0.273	0.593	1.187	1.041
1272.000	0.275	0.595	1.170	1.037
1273.000	0.273	0.592	1.161	1.044
1274.000	0.275	0.599	1.163	1.045
1275.000	0.273	0.606	0.216	1.056
1276.000	0.273	0.603	0.279	1.060
1277.000	0.270	0.602	0.349	1.059
1278.000	0.271	0.599	0.382	1.073
1279.000	0.271	0.600	0.430	1.066
1280.000	0.275	0.603	0.502	1.032
1281.000	0.278	0.602	0.810	1.044
1282.000	0.274	0.607	0.817	1.057
1283.000	0.275	0.609	0.854	1.059
1284.000	0.279	0.617	0.867	1.079
1285.000	0.273	0.609	0.907	1.060
1286.000	0.274	0.611	0.884	1.074
1287.000	0.278	0.609	0.898	1.077
1288.000	0.280	0.614	0.928	1.085
1289.000	0.279	0.607	0.941	1.083
1290.000	0.279	0.615	0.931	1.084
1291.000	0.279	0.629	0.954	0.755
1292.000	0.278	0.622	0.961	0.752
1293.000	0.278	0.613	0.957	0.751
1294.000	0.281	0.629	0.958	0.755
1295.000	0.283	0.621	0.968	0.758
1296.000	0.279	0.627	0.968	0.757
1297.000	0.279	0.624	0.985	0.752
1298.000	0.280	0.627	0.982	0.760
1299.000	0.280	0.631	1.000	0.762
1300.000	0.285	0.629	0.999	0.757
1301.000	0.283	0.635	1.033	0.772
1302.000	0.284	0.633	1.017	0.763
1303.000	0.288	0.630	1.021	0.770
1304.000	0.279	0.638	1.009	0.779
1305.000	0.285	0.643	1.034	0.770
1306.000	0.278	0.635	1.027	0.767
1307.000	0.280	0.641	1.040	0.778
1308.000	0.283	0.639	1.053	0.777
1309.000	0.277	0.644	1.053	0.787
1310.000	0.281	0.647	1.053	0.788
1311.000	0.279	0.639	1.038	0.793
1312.000	0.278	0.651	1.047	0.793
1313.000	0.280	0.651	1.067	0.806
1314.000	0.278	0.647	1.034	0.799
1315.000	0.282	0.660	1.060	0.797
1316.000	0.281	0.661	1.077	0.805
1317.000	0.282	0.649	1.056	0.805
1318.000	0.284	0.666	1.086	0.820
1319.000	0.285	0.658	1.071	0.811
1320.000	0.285	0.659	1.073	0.818
1321.000	0.283	0.665	1.080	0.817
1322.000	0.285	0.659	1.080	0.818
1323.000	0.284	0.665	1.076	0.832
1324.000	0.285	0.674	1.081	0.828
1325.000	0.286	0.667	1.078	0.823
1326.000	0.285	0.668	1.085	0.833
1327.000	0.285	0.667	1.084	0.831
1328.000	0.284	0.668	1.087	0.833
1329.000	0.282	0.672	1.089	0.832
1330.000	0.284	0.676	1.086	0.835
1331.000	0.286	0.675	1.093	0.845
1332.000	0.286	0.677	1.110	0.839
1333.000	0.289	0.682	1.112	0.841
1334.000	0.288	0.682	1.096	0.852
1335.000	0.291	0.690	1.105	0.863
1336.000	0.295	0.691	1.100	0.860
1337.000	0.294	0.695	1.108	0.863
1338.000	0.293	0.690	1.113	0.865
1339.000	0.294	0.696	1.104	0.868
1340.000	0.289	0.685	1.123	0.873
1341.000	0.291	0.687	1.107	0.868
1342.000	0.291	0.695	1.124	0.871
1343.000	0.293	0.689	1.124	0.873
1344.000	0.295	0.697	1.119	0.872
1345.000	0.297	0.697	1.119	0.885
1346.000	0.298	0.700	1.128	0.884
1347.000	0.306	0.699	1.140	0.882
1348.000	0.298	0.701	1.134	0.896
1349.000	0.300	0.698	1.126	0.885
1350.000	0.306	0.707	1.141	0.900
1351.000	0.305	0.700	1.121	0.900
1352.000	0.306	0.700	1.120	0.901
1353.000	0.306	0.704	1.137	0.900
1354.000	0.308	0.708	1.124	0.913
1355.000	0.304	0.708	1.130	0.907
1356.000	0.304	0.704	1.138	0.902
1357.000	0.307	0.713	1.140	0.920
1358.000	0.309	0.716	1.134	0.917
1359.000	0.307	0.714	1.135	0.914
1360.000	0.308	0.715	1.153	0.921
1361.000	0.309	0.719	1.148	0.918
1362.000	0.312	0.721	1.146	0.924
1363.000	0.314	0.719	1.142	0.930
1364.000	0.315	0.711	1.149	0.926
1365.000	0.317	0.720	1.163	0.925
1366.000	0.319	0.728	1.171	0.943
1367.000	0.318	0.739	1.157	0.942
1368.000	0.316	0.735	1.133	0.943
1369.000	0.312	0.730	1.146	0.938
1370.000	0.314	0.734	1.147	0.948
1371.000	0.314	0.744	1.158	0.961
1372.000	0.318	0.741	1.179	0.955
1373.000	0.321	0.737	1.146	0.956
1374.000	0.319	0.731	1.151	0.961
1375.000	0.323	0.746	1.161	0.965
1376.000	0.322	0.734	1.161	0.974
1377.000	0.324	0.739	1.144	0.976
1378.000	0.325	0.747	1.145	0.981
1379.000	0.322	0.754	1.170	0.966
1380.000	0.329	0.749	1.171	0.978
1381.000	0.328	0.758	1.157	0.987
1382.000	0.331	0.756	1.173	0.980
1383.000	0.332	0.764	1.162	0.989
1384.000	0.325	0.755	1.163	0.989
1385.000	0.325	0.761	1.171	0.985
1386.000	0.324	0.759	1.169	0.995
1387.000	0.328	0.761	1.164	1.001
1388.000	0.328	0.766	1.184	1.007
1389.000	0.328	0.759	1.145	0.992
1390.000	0.329	0.762	1.160	1.004
1391.000	0.332	0.765	1.191	1.022
1392.000	0.334	0.786	1.166	1.022
1393.000	0.338	0.776	1.192	1.010
1394.000	0.338	0.775	1.175	1.033
1395.000	0.340	0.791	1.170	1.031
1396.000	0.338	0.779	1.169	1.028
1397.000	0.338	0.794	1.185	1.032
1398.000	0.341	0.785	1.190	1.035
1399.000	0.340	0.785	1.194	1.036
1400.000	0.328	0.781	1.176	1.030
1401.000	0.331	0.791	1.184	1.040
1402.000	0.339	0.787	1.161	1.042
1403.000	0.338	0.796	1.180	1.047
1404.000	0.339	0.796	1.167	1.050
1405.000	0.341	0.800	1.174	1.050
1406.000	0.341	0.804	1.170	1.058
1407.000	0.338	0.804	1.183	1.067
1408.000	0.338	0.803	1.174	1.063
1409.000	0.336	0.813	1.176	1.079
1410.000	0.339	0.809	1.169	1.070
1411.000	0.338	0.813	1.168	1.077
1412.000	0.342	0.824	1.183	1.082
1413.000	0.348	0.830	1.178	1.079
1414.000	0.346	0.820	1.175	1.072
1415.000	0.350	0.837	1.187	1.093
1416.000	0.353	0.827	1.201	1.099
1417.000	0.352	0.831	1.197	1.092
1418.000	0.358	0.838	1.193	1.094
1419.000	0.350	0.824	1.192	1.106
1420.000	0.352	0.827	1.178	1.104
1421.000	0.355	0.829	1.192	1.110
1422.000	0.359	0.828	1.211	1.110
1423.000	0.356	0.830	1.205	1.124
1424.000	0.357	0.833	1.182	1.121
1425.000	0.355	0.835	1.199	1.126
1426.000	0.360	0.841	1.209	1.131
1427.000	0.361	0.835	1.206	1.130
1428.000	0.362	0.844	1.188	1.150
1429.000	0.359	0.843	1.192	1.144
1430.000	0.361	0.843	1.215	1.140
1431.000	0.363	0.845	1.188	1.143
1432.000	0.363	0.861	1.207	1.162
1433.000	0.368	0.861	1.212	1.158
1434.000	0.372	0.855	1.207	1.164
1435.000	0.375	0.858	1.212	1.175
1436.000	0.366	0.861	1.216	1.161
1437.000	0.368	0.867	1.192	1.181
1438.000	0.372	0.868	1.198	1.173
1439.000	0.153	0.311	0.151	0.436
1440.000	0.154	0.316	0.151	0.438
1441.000	0.155	0.324	0.197	0.438
1442.000	0.154	0.320	0.268	0.436
1443.000	0.152	0.333	0.278	0.439
1444.000	0.152	0.333	0.277	0.438
1445.000	0.153	0.337	0.277	0.447
1446.000	0.151	0.337	0.274	0.442
1447.000	0.144	0.333	0.277	0.441
1448.000	0.138	0.338	0.355	0.447
1449.000	0.138	0.342	0.562	0.449
1450.000	0.140	0.342	0.626	0.453
1451.000	0.136	0.340	0.645	0.449
1452.000	0.137	0.346	0.658	0.449
1453.000	0.136	0.342	0.703	0.446
1454.000	0.135	0.342	0.780	0.449
