1.000	0.162	1.120	1.031	0.757	1.440	0.930	1.337	0.303	0.000	0.000	0.000	0.000	0.000	0.000	0.000	0.000	0.000	0.000	0.000	0.000	0.000	0.000	0.000	0.000	0.000	0.000
2.000	0.168	1.116	1.023	0.849	1.429	0.924	1.329	0.301	0.000	0.000	0.000	0.000	0.000	0.000	0.000	0.000	0.000	0.000	0.000	0.000	0.000	0.000	0.000	0.000	0.000	0.000
3.000	0.166	1.108	1.010	0.856	1.427	0.917	1.322	0.296	0.000	0.000	0.000	0.000	0.000	0.000	0.000	0.000	0.000	0.000	0.000	0.000	0.000	0.000	0.000	0.000	0.000	0.000
4.000	0.166	1.103	1.003	0.853	1.420	0.914	1.314	0.297	0.000	0.000	0.000	0.000	0.000	0.000	0.000	0.000	0.000	0.000	0.000	0.000	0.000	0.000	0.000	0.000	0.000	0.000
5.000	0.165	1.096	0.998	0.848	1.422	0.914	1.311	0.297	0.000	0.000	0.000	0.000	0.000	0.000	0.000	0.000	0.000	0.000	0.000	0.000	0.000	0.000	0.000	0.000	0.000	0.000
6.000	0.165	1.096	0.997	0.841	1.422	0.913	1.308	0.295	0.000	0.000	0.000	0.000	0.000	0.000	0.000	0.000	0.000	0.000	0.000	0.000	0.000	0.000	0.000	0.000	0.000	0.000
7.000	0.164	1.092	0.989	0.837	1.419	0.911	1.302	0.293	0.000	0.000	0.000	0.000	0.000	0.000	0.000	0.000	0.000	0.000	0.000	0.000	0.000	0.000	0.000	0.000	0.000	0.000
8.000	0.164	1.099	0.980	0.835	1.419	0.911	1.300	0.294	0.000	0.000	0.000	0.000	0.000	0.000	0.000	0.000	0.000	0.000	0.000	0.000	0.000	0.000	0.000	0.000	0.000	0.000
9.000	0.166	1.102	0.989	0.839	1.421	0.912	1.307	0.295	0.000	0.000	0.000	0.000	0.000	0.000	0.000	0.000	0.000	0.000	0.000	0.000	0.000	0.000	0.000	0.000	0.000	0.000
10.000	0.166	1.093	0.992	0.839	1.421	0.908	1.304	0.295	0.000	0.000	0.000	0.000	0.000	0.000	0.000	0.000	0.000	0.000	0.000	0.000	0.000	0.000	0.000	0.000	0.000	0.000
11.000	0.165	1.085	0.991	0.838	1.418	0.910	1.300	0.293	0.000	0.000	0.000	0.000	0.000	0.000	0.000	0.000	0.000	0.000	0.000	0.000	0.000	0.000	0.000	0.000	0.000	0.000
12.000	0.166	1.090	0.990	0.841	1.424	0.913	1.304	0.296	0.000	0.000	0.000	0.000	0.000	0.000	0.000	0.000	0.000	0.000	0.000	0.000	0.000	0.000	0.000	0.000	0.000	0.000
13.000	0.164	1.084	0.986	0.838	1.420	0.911	1.295	0.295	0.000	0.000	0.000	0.000	0.000	0.000	0.000	0.000	0.000	0.000	0.000	0.000	0.000	0.000	0.000	0.000	0.000	0.000
14.000	0.166	1.091	0.987	0.837	1.421	0.913	1.297	0.294	0.000	0.000	0.000	0.000	0.000	0.000	0.000	0.000	0.000	0.000	0.000	0.000	0.000	0.000	0.000	0.000	0.000	0.000
15.000	0.166	1.096	0.983	0.835	1.420	0.909	1.289	0.295	0.000	0.000	0.000	0.000	0.000	0.000	0.000	0.000	0.000	0.000	0.000	0.000	0.000	0.000	0.000	0.000	0.000	0.000
16.000	0.165	1.094	0.980	0.838	1.417	0.909	1.291	0.294	0.000	0.000	0.000	0.000	0.000	0.000	0.000	0.000	0.000	0.000	0.000	0.000	0.000	0.000	0.000	0.000	0.000	0.000
17.000	0.165	1.093	0.984	0.844	1.419	0.911	1.294	0.294	0.000	0.000	0.000	0.000	0.000	0.000	0.000	0.000	0.000	0.000	0.000	0.000	0.000	0.000	0.000	0.000	0.000	0.000
18.000	0.164	1.098	0.978	0.843	1.418	0.911	1.292	0.295	0.000	0.000	0.000	0.000	0.000	0.000	0.000	0.000	0.000	0.000	0.000	0.000	0.000	0.000	0.000	0.000	0.000	0.000
19.000	0.163	1.089	0.975	0.840	1.413	0.910	1.289	0.295	0.000	0.000	0.000	0.000	0.000	0.000	0.000	0.000	0.000	0.000	0.000	0.000	0.000	0.000	0.000	0.000	0.000	0.000
20.000	0.163	1.087	0.972	0.839	1.413	0.910	1.288	0.294	0.000	0.000	0.000	0.000	0.000	0.000	0.000	0.000	0.000	0.000	0.000	0.000	0.000	0.000	0.000	0.000	0.000	0.000
21.000	0.165	1.090	0.974	0.840	1.418	0.911	1.292	0.297	0.000	0.000	0.000	0.000	0.000	0.000	0.000	0.000	0.000	0.000	0.000	0.000	0.000	0.000	0.000	0.000	0.000	0.000
22.000	0.163	1.093	0.975	0.841	1.417	0.909	1.290	0.294	0.000	0.000	0.000	0.000	0.000	0.000	0.000	0.000	0.000	0.000	0.000	0.000	0.000	0.000	0.000	0.000	0.000	0.000
23.000	0.164	1.092	0.979	0.844	1.418	0.911	1.290	0.295	0.000	0.000	0.000	0.000	0.000	0.000	0.000	0.000	0.000	0.000	0.000	0.000	0.000	0.000	0.000	0.000	0.000	0.000
24.000	0.165	1.090	0.978	0.842	1.416	0.910	1.292	0.293	0.000	0.000	0.000	0.000	0.000	0.000	0.000	0.000	0.000	0.000	0.000	0.000	0.000	0.000	0.000	0.000	0.000	0.000
25.000	0.167	1.093	0.981	0.841	1.417	0.911	1.292	0.294	0.000	0.000	0.000	0.000	0.000	0.000	0.000	0.000	0.000	0.000	0.000	0.000	0.000	0.000	0.000	0.000	0.000	0.000
26.000	0.166	1.097	0.984	0.841	1.419	0.911	1.293	0.294	0.000	0.000	0.000	0.000	0.000	0.000	0.000	0.000	0.000	0.000	0.000	0.000	0.000	0.000	0.000	0.000	0.000	0.000
27.000	0.164	1.094	0.981	0.840	1.416	0.911	1.290	0.294	0.000	0.000	0.000	0.000	0.000	0.000	0.000	0.000	0.000	0.000	0.000	0.000	0.000	0.000	0.000	0.000	0.000	0.000
28.000	0.166	1.100	0.985	0.842	1.419	0.912	1.293	0.294	0.000	0.000	0.000	0.000	0.000	0.000	0.000	0.000	0.000	0.000	0.000	0.000	0.000	0.000	0.000	0.000	0.000	0.000
29.000	0.164	1.102	0.983	0.839	1.415	0.909	1.289	0.294	0.000	0.000	0.000	0.000	0.000	0.000	0.000	0.000	0.000	0.000	0.000	0.000	0.000	0.000	0.000	0.000	0.000	0.000
30.000	0.166	1.109	0.986	0.840	1.420	0.912	1.295	0.296	0.000	0.000	0.000	0.000	0.000	0.000	0.000	0.000	0.000	0.000	0.000	0.000	0.000	0.000	0.000	0.000	0.000	0.000
31.000	0.164	1.107	0.986	0.838	1.416	0.912	1.292	0.294	0.000	0.000	0.000	0.000	0.000	0.000	0.000	0.000	0.000	0.000	0.000	0.000	0.000	0.000	0.000	0.000	0.000	0.000
32.000	0.162	1.107	0.985	0.837	1.418	0.910	1.292	0.293	0.000	0.000	0.000	0.000	0.000	0.000	0.000	0.000	0.000	0.000	0.000	0.000	0.000	0.000	0.000	0.000	0.000	0.000
33.000	0.166	1.108	0.986	0.838	1.419	0.910	1.292	0.295	0.000	0.000	0.000	0.000	0.000	0.000	0.000	0.000	0.000	0.000	0.000	0.000	0.000	0.000	0.000	0.000	0.000	0.000
34.000	0.161	1.103	0.985	0.832	1.413	0.910	1.290	0.295	0.000	0.000	0.000	0.000	0.000	0.000	0.000	0.000	0.000	0.000	0.000	0.000	0.000	0.000	0.000	0.000	0.000	0.000
35.000	0.165	1.103	0.984	0.849	1.414	0.909	1.291	0.294	0.000	0.000	0.000	0.000	0.000	0.000	0.000	0.000	0.000	0.000	0.000	0.000	0.000	0.000	0.000	0.000	0.000	0.000
36.000	0.165	1.106	0.987	0.852	1.418	0.911	1.293	0.296	0.000	0.000	0.000	0.000	0.000	0.000	0.000	0.000	0.000	0.000	0.000	0.000	0.000	0.000	0.000	0.000	0.000	0.000
37.000	0.164	1.110	0.988	0.854	1.419	0.913	1.295	0.296	0.000	0.000	0.000	0.000	0.000	0.000	0.000	0.000	0.000	0.000	0.000	0.000	0.000	0.000	0.000	0.000	0.000	0.000
38.000	0.164	1.108	0.989	0.854	1.419	0.913	1.292	0.294	0.000	0.000	0.000	0.000	0.000	0.000	0.000	0.000	0.000	0.000	0.000	0.000	0.000	0.000	0.000	0.000	0.000	0.000
39.000	0.165	1.107	0.988	0.854	1.419	0.912	1.295	0.294	0.000	0.000	0.000	0.000	0.000	0.000	0.000	0.000	0.000	0.000	0.000	0.000	0.000	0.000	0.000	0.000	0.000	0.000
40.000	0.164	1.104	0.986	0.854	1.418	0.914	1.292	0.295	0.000	0.000	0.000	0.000	0.000	0.000	0.000	0.000	0.000	0.000	0.000	0.000	0.000	0.000	0.000	0.000	0.000	0.000
41.000	0.161	1.106	0.987	0.854	1.419	0.910	1.293	0.294	0.000	0.000	0.000	0.000	0.000	0.000	0.000	0.000	0.000	0.000	0.000	0.000	0.000	0.000	0.000	0.000	0.000	0.000
42.000	0.164	1.105	0.989	0.852	1.416	0.910	1.293	0.296	0.000	0.000	0.000	0.000	0.000	0.000	0.000	0.000	0.000	0.000	0.000	0.000	0.000	0.000	0.000	0.000	0.000	0.000
43.000	0.164	1.102	0.983	0.849	1.415	0.909	1.290	0.294	0.000	0.000	0.000	0.000	0.000	0.000	0.000	0.000	0.000	0.000	0.000	0.000	0.000	0.000	0.000	0.000	0.000	0.000
44.000	0.164	1.106	0.988	0.853	1.416	0.912	1.293	0.294	0.000	0.000	0.000	0.000	0.000	0.000	0.000	0.000	0.000	0.000	0.000	0.000	0.000	0.000	0.000	0.000	0.000	0.000
45.000	0.161	1.104	0.989	0.852	1.416	0.909	1.291	0.294	0.000	0.000	0.000	0.000	0.000	0.000	0.000	0.000	0.000	0.000	0.000	0.000	0.000	0.000	0.000	0.000	0.000	0.000
46.000	0.164	1.103	0.986	0.852	1.415	0.910	1.293	0.295	0.000	0.000	0.000	0.000	0.000	0.000	0.000	0.000	0.000	0.000	0.000	0.000	0.000	0.000	0.000	0.000	0.000	0.000
47.000	0.162	1.098	0.985	0.850	1.414	0.910	1.291	0.293	0.000	0.000	0.000	0.000	0.000	0.000	0.000	0.000	0.000	0.000	0.000	0.000	0.000	0.000	0.000	0.000	0.000	0.000
48.000	0.164	1.105	0.988	0.854	1.418	0.910	1.295	0.294	0.000	0.000	0.000	0.000	0.000	0.000	0.000	0.000	0.000	0.000	0.000	0.000	0.000	0.000	0.000	0.000	0.000	0.000
49.000	0.162	1.101	0.985	0.849	1.416	0.910	1.290	0.294	0.000	0.000	0.000	0.000	0.000	0.000	0.000	0.000	0.000	0.000	0.000	0.000	0.000	0.000	0.000	0.000	0.000	0.000
50.000	0.167	1.099	0.986	0.852	1.415	0.908	1.290	0.293	0.000	0.000	0.000	0.000	0.000	0.000	0.000	0.000	0.000	0.000	0.000	0.000	0.000	0.000	0.000	0.000	0.000	0.000
51.000	0.161	1.100	0.988	0.850	1.415	0.909	1.292	0.293	0.000	0.000	0.000	0.000	0.000	0.000	0.000	0.000	0.000	0.000	0.000	0.000	0.000	0.000	0.000	0.000	0.000	0.000
52.000	0.166	1.103	0.989	0.850	1.416	0.912	1.292	0.296	0.000	0.000	0.000	0.000	0.000	0.000	0.000	0.000	0.000	0.000	0.000	0.000	0.000	0.000	0.000	0.000	0.000	0.000
53.000	0.164	1.099	0.987	0.852	1.416	0.909	1.292	0.294	0.000	0.000	0.000	0.000	0.000	0.000	0.000	0.000	0.000	0.000	0.000	0.000	0.000	0.000	0.000	0.000	0.000	0.000
54.000	0.165	1.101	0.988	0.852	1.416	0.911	1.289	0.295	0.000	0.000	0.000	0.000	0.000	0.000	0.000	0.000	0.000	0.000	0.000	0.000	0.000	0.000	0.000	0.000	0.000	0.000
55.000	0.163	1.104	0.988	0.855	1.416	0.911	1.293	0.295	0.000	0.000	0.000	0.000	0.000	0.000	0.000	0.000	0.000	0.000	0.000	0.000	0.000	0.000	0.000	0.000	0.000	0.000
56.000	0.163	1.102	0.989	0.852	1.416	0.911	1.291	0.293	0.000	0.000	0.000	0.000	0.000	0.000	0.000	0.000	0.000	0.000	0.000	0.000	0.000	0.000	0.000	0.000	0.000	0.000
57.000	0.164	1.097	0.987	0.848	1.414	0.908	1.290	0.292	0.000	0.000	0.000	0.000	0.000	0.000	0.000	0.000	0.000	0.000	0.000	0.000	0.000	0.000	0.000	0.000	0.000	0.000
58.000	0.163	1.097	0.987	0.850	1.412	0.908	1.289	0.295	0.000	0.000	0.000	0.000	0.000	0.000	0.000	0.000	0.000	0.000	0.000	0.000	0.000	0.000	0.000	0.000	0.000	0.000
59.000	0.162	1.100	0.988	0.848	1.414	0.909	1.289	0.293	0.000	0.000	0.000	0.000	0.000	0.000	0.000	0.000	0.000	0.000	0.000	0.000	0.000	0.000	0.000	0.000	0.000	0.000
60.000	0.161	1.097	0.988	0.848	1.413	0.908	1.289	0.293	0.000	0.000	0.000	0.000	0.000	0.000	0.000	0.000	0.000	0.000	0.000	0.000	0.000	0.000	0.000	0.000	0.000	0.000
61.000	0.161	1.100	0.987	0.849	1.413	0.907	1.289	0.296	0.000	0.000	0.000	0.000	0.000	0.000	0.000	0.000	0.000	0.000	0.000	0.000	0.000	0.000	0.000	0.000	0.000	0.000
62.000	0.161	1.098	0.985	0.846	1.415	0.908	1.289	0.294	0.000	0.000	0.000	0.000	0.000	0.000	0.000	0.000	0.000	0.000	0.000	0.000	0.000	0.000	0.000	0.000	0.000	0.000
63.000	0.165	1.104	0.989	0.854	1.416	0.910	1.292	0.295	0.000	0.000	0.000	0.000	0.000	0.000	0.000	0.000	0.000	0.000	0.000	0.000	0.000	0.000	0.000	0.000	0.000	0.000
64.000	0.162	1.104	0.988	0.852	1.417	0.910	1.292	0.293	0.000	0.000	0.000	0.000	0.000	0.000	0.000	0.000	0.000	0.000	0.000	0.000	0.000	0.000	0.000	0.000	0.000	0.000
65.000	0.160	1.106	0.989	0.852	1.417	0.910	1.294	0.294	0.000	0.000	0.000	0.000	0.000	0.000	0.000	0.000	0.000	0.000	0.000	0.000	0.000	0.000	0.000	0.000	0.000	0.000
66.000	0.162	1.102	0.988	0.849	1.415	0.910	1.292	0.293	0.000	0.000	0.000	0.000	0.000	0.000	0.000	0.000	0.000	0.000	0.000	0.000	0.000	0.000	0.000	0.000	0.000	0.000
67.000	0.161	1.098	0.986	0.847	1.412	0.909	1.289	0.293	0.000	0.000	0.000	0.000	0.000	0.000	0.000	0.000	0.000	0.000	0.000	0.000	0.000	0.000	0.000	0.000	0.000	0.000
68.000	0.161	1.101	0.988	0.850	1.414	0.909	1.291	0.293	0.000	0.000	0.000	0.000	0.000	0.000	0.000	0.000	0.000	0.000	0.000	0.000	0.000	0.000	0.000	0.000	0.000	0.000
69.000	0.160	1.106	0.989	0.853	1.416	0.910	1.291	0.294	0.000	0.000	0.000	0.000	0.000	0.000	0.000	0.000	0.000	0.000	0.000	0.000	0.000	0.000	0.000	0.000	0.000	0.000
70.000	0.161	1.104	0.989	0.849	1.417	0.909	1.290	0.294	0.000	0.000	0.000	0.000	0.000	0.000	0.000	0.000	0.000	0.000	0.000	0.000	0.000	0.000	0.000	0.000	0.000	0.000
71.000	0.161	1.101	0.988	0.848	1.414	0.908	1.291	0.292	0.000	0.000	0.000	0.000	0.000	0.000	0.000	0.000	0.000	0.000	0.000	0.000	0.000	0.000	0.000	0.000	0.000	0.000
72.000	0.160	1.098	0.987	0.849	1.412	0.907	1.290	0.294	0.000	0.000	0.000	0.000	0.000	0.000	0.000	0.000	0.000	0.000	0.000	0.000	0.000	0.000	0.000	0.000	0.000	0.000
73.000	0.161	1.102	0.988	0.848	1.414	0.909	1.290	0.294	0.000	0.000	0.000	0.000	0.000	0.000	0.000	0.000	0.000	0.000	0.000	0.000	0.000	0.000	0.000	0.000	0.000	0.000
74.000	0.159	1.099	0.986	0.848	1.415	0.908	1.290	0.294	0.000	0.000	0.000	0.000	0.000	0.000	0.000	0.000	0.000	0.000	0.000	0.000	0.000	0.000	0.000	0.000	0.000	0.000
75.000	0.161	1.099	0.985	0.848	1.412	0.907	1.290	0.295	0.000	0.000	0.000	0.000	0.000	0.000	0.000	0.000	0.000	0.000	0.000	0.000	0.000	0.000	0.000	0.000	0.000	0.000
76.000	0.160	1.098	0.985	0.847	1.412	0.907	1.288	0.292	0.000	0.000	0.000	0.000	0.000	0.000	0.000	0.000	0.000	0.000	0.000	0.000	0.000	0.000	0.000	0.000	0.000	0.000
77.000	0.157	1.102	0.989	0.850	1.414	0.908	1.292	0.292	0.000	0.000	0.000	0.000	0.000	0.000	0.000	0.000	0.000	0.000	0.000	0.000	0.000	0.000	0.000	0.000	0.000	0.000
78.000	0.159	1.101	0.987	0.848	1.412	0.906	1.290	0.292	0.000	0.000	0.000	0.000	0.000	0.000	0.000	0.000	0.000	0.000	0.000	0.000	0.000	0.000	0.000	0.000	0.000	0.000
79.000	0.159	1.098	0.986	0.847	1.413	0.907	1.289	0.293	0.000	0.000	0.000	0.000	0.000	0.000	0.000	0.000	0.000	0.000	0.000	0.000	0.000	0.000	0.000	0.000	0.000	0.000
80.000	0.160	1.098	0.986	0.847	1.412	0.906	1.289	0.293	0.000	0.000	0.000	0.000	0.000	0.000	0.000	0.000	0.000	0.000	0.000	0.000	0.000	0.000	0.000	0.000	0.000	0.000
81.000	0.161	1.102	0.989	0.852	1.416	0.911	1.292	0.294	0.000	0.000	0.000	0.000	0.000	0.000	0.000	0.000	0.000	0.000	0.000	0.000	0.000	0.000	0.000	0.000	0.000	0.000
82.000	0.159	1.098	0.988	0.847	1.413	0.907	1.289	0.292	0.000	0.000	0.000	0.000	0.000	0.000	0.000	0.000	0.000	0.000	0.000	0.000	0.000	0.000	0.000	0.000	0.000	0.000
83.000	0.160	1.102	0.988	0.854	1.417	0.909	1.293	0.293	0.000	0.000	0.000	0.000	0.000	0.000	0.000	0.000	0.000	0.000	0.000	0.000	0.000	0.000	0.000	0.000	0.000	0.000
84.000	0.160	1.103	0.990	0.850	1.417	0.909	1.293	0.293	0.000	0.000	0.000	0.000	0.000	0.000	0.000	0.000	0.000	0.000	0.000	0.000	0.000	0.000	0.000	0.000	0.000	0.000
85.000	0.160	1.096	0.986	0.847	1.412	0.906	1.288	0.293	0.000	0.000	0.000	0.000	0.000	0.000	0.000	0.000	0.000	0.000	0.000	0.000	0.000	0.000	0.000	0.000	0.000	0.000
86.000	0.159	1.104	0.989	0.853	1.415	0.910	1.291	0.294	0.000	0.000	0.000	0.000	0.000	0.000	0.000	0.000	0.000	0.000	0.000	0.000	0.000	0.000	0.000	0.000	0.000	0.000
87.000	0.159	1.100	0.986	0.848	1.412	0.905	1.289	0.295	0.000	0.000	0.000	0.000	0.000	0.000	0.000	0.000	0.000	0.000	0.000	0.000	0.000	0.000	0.000	0.000	0.000	0.000
88.000	0.159	1.098	0.987	0.849	1.413	0.907	1.290	0.293	0.000	0.000	0.000	0.000	0.000	0.000	0.000	0.000	0.000	0.000	0.000	0.000	0.000	0.000	0.000	0.000	0.000	0.000
89.000	0.161	1.101	0.990	0.853	1.416	0.911	1.290	0.293	0.000	0.000	0.000	0.000	0.000	0.000	0.000	0.000	0.000	0.000	0.000	0.000	0.000	0.000	0.000	0.000	0.000	0.000
90.000	0.158	1.100	0.990	0.849	1.415	0.909	1.291	0.294	0.000	0.000	0.000	0.000	0.000	0.000	0.000	0.000	0.000	0.000	0.000	0.000	0.000	0.000	0.000	0.000	0.000	0.000
91.000	0.161	1.100	0.988	0.850	1.416	0.908	1.292	0.294	0.000	0.000	0.000	0.000	0.000	0.000	0.000	0.000	0.000	0.000	0.000	0.000	0.000	0.000	0.000	0.000	0.000	0.000
92.000	0.156	1.097	0.988	0.848	1.412	0.906	1.288	0.292	0.000	0.000	0.000	0.000	0.000	0.000	0.000	0.000	0.000	0.000	0.000	0.000	0.000	0.000	0.000	0.000	0.000	0.000
93.000	0.158	1.099	0.988	0.852	1.415	0.909	1.292	0.295	0.000	0.000	0.000	0.000	0.000	0.000	0.000	0.000	0.000	0.000	0.000	0.000	0.000	0.000	0.000	0.000	0.000	0.000
94.000	0.159	1.101	0.988	0.850	1.414	0.909	1.289	0.293	0.000	0.000	0.000	0.000	0.000	0.000	0.000	0.000	0.000	0.000	0.000	0.000	0.000	0.000	0.000	0.000	0.000	0.000
95.000	0.160	1.101	0.988	0.853	1.417	0.908	1.291	0.294	0.000	0.000	0.000	0.000	0.000	0.000	0.000	0.000	0.000	0.000	0.000	0.000	0.000	0.000	0.000	0.000	0.000	0.000
96.000	0.161	1.101	0.989	0.850	1.413	0.910	1.288	0.294	0.000	0.000	0.000	0.000	0.000	0.000	0.000	0.000	0.000	0.000	0.000	0.000	0.000	0.000	0.000	0.000	0.000	0.000
97.000	0.158	1.098	0.986	0.849	1.412	0.907	1.289	0.296	0.000	0.000	0.000	0.000	0.000	0.000	0.000	0.000	0.000	0.000	0.000	0.000	0.000	0.000	0.000	0.000	0.000	0.000
98.000	0.155	1.101	0.990	0.849	1.416	0.908	1.289	0.293	0.000	0.000	0.000	0.000	0.000	0.000	0.000	0.000	0.000	0.000	0.000	0.000	0.000	0.000	0.000	0.000	0.000	0.000
99.000	0.155	1.099	0.988	0.849	1.413	0.908	1.291	0.292	0.000	0.000	0.000	0.000	0.000	0.000	0.000	0.000	0.000	0.000	0.000	0.000	0.000	0.000	0.000	0.000	0.000	0.000
100.000	0.158	1.100	0.989	0.850	1.414	0.909	1.292	0.292	0.000	0.000	0.000	0.000	0.000	0.000	0.000	0.000	0.000	0.000	0.000	0.000	0.000	0.000	0.000	0.000	0.000	0.000
101.000	0.150	1.097	0.989	0.854	1.417	0.911	1.294	0.294	0.000	0.000	0.000	0.000	0.000	0.000	0.000	0.000	0.000	0.000	0.000	0.000	0.000	0.000	0.000	0.000	0.000	0.000
102.000	0.160	1.101	0.990	0.850	1.415	0.909	1.291	0.295	0.000	0.000	0.000	0.000	0.000	0.000	0.000	0.000	0.000	0.000	0.000	0.000	0.000	0.000	0.000	0.000	0.000	0.000
103.000	0.166	1.104	0.989	0.849	1.415	0.909	1.291	0.292	0.000	0.000	0.000	0.000	0.000	0.000	0.000	0.000	0.000	0.000	0.000	0.000	0.000	0.000	0.000	0.000	0.000	0.000
104.000	0.166	1.102	0.990	0.849	1.415	0.908	1.293	0.295	0.000	0.000	0.000	0.000	0.000	0.000	0.000	0.000	0.000	0.000	0.000	0.000	0.000	0.000	0.000	0.000	0.000	0.000
105.000	0.168	1.101	0.987	0.848	1.412	0.908	1.290	0.292	0.000	0.000	0.000	0.000	0.000	0.000	0.000	0.000	0.000	0.000	0.000	0.000	0.000	0.000	0.000	0.000	0.000	0.000
106.000	0.168	1.099	0.986	0.846	1.411	0.906	1.288	0.292	0.000	0.000	0.000	0.000	0.000	0.000	0.000	0.000	0.000	0.000	0.000	0.000	0.000	0.000	0.000	0.000	0.000	0.000
107.000	0.169	1.100	0.985	0.848	1.412	0.906	1.289	0.294	0.000	0.000	0.000	0.000	0.000	0.000	0.000	0.000	0.000	0.000	0.000	0.000	0.000	0.000	0.000	0.000	0.000	0.000
108.000	0.164	1.104	0.988	0.850	1.414	0.906	1.291	0.294	0.000	0.000	0.000	0.000	0.000	0.000	0.000	0.000	0.000	0.000	0.000	0.000	0.000	0.000	0.000	0.000	0.000	0.000
109.000	0.166	1.101	0.987	0.849	1.411	0.906	1.289	0.293	0.000	0.000	0.000	0.000	0.000	0.000	0.000	0.000	0.000	0.000	0.000	0.000	0.000	0.000	0.000	0.000	0.000	0.000
110.000	0.167	1.100	0.985	0.847	1.412	0.908	1.289	0.294	0.000	0.000	0.000	0.000	0.000	0.000	0.000	0.000	0.000	0.000	0.000	0.000	0.000	0.000	0.000	0.000	0.000	0.000
111.000	0.166	1.106	0.990	0.850	1.414	0.910	1.291	0.293	0.000	0.000	0.000	0.000	0.000	0.000	0.000	0.000	0.000	0.000	0.000	0.000	0.000	0.000	0.000	0.000	0.000	0.000
112.000	0.164	1.105	0.990	0.852	1.415	0.910	1.292	0.293	0.000	0.000	0.000	0.000	0.000	0.000	0.000	0.000	0.000	0.000	0.000	0.000	0.000	0.000	0.000	0.000	0.000	0.000
113.000	0.161	1.101	0.987	0.848	1.413	0.906	1.288	0.292	0.000	0.000	0.000	0.000	0.000	0.000	0.000	0.000	0.000	0.000	0.000	0.000	0.000	0.000	0.000	0.000	0.000	0.000
114.000	0.161	1.101	0.985	0.848	1.412	0.906	1.289	0.293	0.000	0.000	0.000	0.000	0.000	0.000	0.000	0.000	0.000	0.000	0.000	0.000	0.000	0.000	0.000	0.000	0.000	0.000
115.000	0.160	1.100	0.986	0.848	1.411	0.905	1.289	0.293	0.000	0.000	0.000	0.000	0.000	0.000	0.000	0.000	0.000	0.000	0.000	0.000	0.000	0.000	0.000	0.000	0.000	0.000
116.000	0.148	1.101	0.988	0.852	1.416	0.910	1.293	0.295	0.000	0.000	0.000	0.000	0.000	0.000	0.000	0.000	0.000	0.000	0.000	0.000	0.000	0.000	0.000	0.000	0.000	0.000
117.000	0.160	1.105	0.989	0.849	1.416	0.909	1.292	0.292	0.000	0.000	0.000	0.000	0.000	0.000	0.000	0.000	0.000	0.000	0.000	0.000	0.000	0.000	0.000	0.000	0.000	0.000
118.000	0.158	1.104	0.989	0.852	1.413	0.910	1.293	0.295	0.000	0.000	0.000	0.000	0.000	0.000	0.000	0.000	0.000	0.000	0.000	0.000	0.000	0.000	0.000	0.000	0.000	0.000
119.000	0.161	1.105	0.988	0.854	1.415	0.911	1.291	0.292	0.000	0.000	0.000	0.000	0.000	0.000	0.000	0.000	0.000	0.000	0.000	0.000	0.000	0.000	0.000	0.000	0.000	0.000
120.000	0.155	1.103	0.987	0.848	1.413	0.909	1.292	0.294	0.000	0.000	0.000	0.000	0.000	0.000	0.000	0.000	0.000	0.000	0.000	0.000	0.000	0.000	0.000	0.000	0.000	0.000
121.000	0.153	1.099	0.987	0.849	1.413	0.906	1.289	0.293	0.000	0.000	0.000	0.000	0.000	0.000	0.000	0.000	0.000	0.000	0.000	0.000	0.000	0.000	0.000	0.000	0.000	0.000
122.000	0.146	1.097	0.987	0.846	1.412	0.905	1.288	0.294	0.000	0.000	0.000	0.000	0.000	0.000	0.000	0.000	0.000	0.000	0.000	0.000	0.000	0.000	0.000	0.000	0.000	0.000
123.000	0.152	1.097	0.987	0.847	1.411	0.905	1.288	0.293	0.000	0.000	0.000	0.000	0.000	0.000	0.000	0.000	0.000	0.000	0.000	0.000	0.000	0.000	0.000	0.000	0.000	0.000
124.000	0.146	1.097	0.987	0.847	1.411	0.903	1.288	0.293	0.000	0.000	0.000	0.000	0.000	0.000	0.000	0.000	0.000	0.000	0.000	0.000	0.000	0.000	0.000	0.000	0.000	0.000
125.000	0.144	1.099	0.990	0.852	1.413	0.908	1.289	0.294	0.000	0.000	0.000	0.000	0.000	0.000	0.000	0.000	0.000	0.000	0.000	0.000	0.000	0.000	0.000	0.000	0.000	0.000
126.000	0.156	1.101	0.988	0.849	1.411	0.906	1.288	0.294	0.000	0.000	0.000	0.000	0.000	0.000	0.000	0.000	0.000	0.000	0.000	0.000	0.000	0.000	0.000	0.000	0.000	0.000
127.000	0.160	1.103	0.988	0.846	1.412	0.907	1.288	0.294	0.000	0.000	0.000	0.000	0.000	0.000	0.000	0.000	0.000	0.000	0.000	0.000	0.000	0.000	0.000	0.000	0.000	0.000
128.000	0.145	1.096	0.985	0.847	1.411	0.905	1.288	0.293	0.000	0.000	0.000	0.000	0.000	0.000	0.000	0.000	0.000	0.000	0.000	0.000	0.000	0.000	0.000	0.000	0.000	0.000
129.000	0.156	1.095	0.984	0.846	1.409	0.902	1.286	0.291	0.000	0.000	0.000	0.000	0.000	0.000	0.000	0.000	0.000	0.000	0.000	0.000	0.000	0.000	0.000	0.000	0.000	0.000
130.000	0.147	1.096	0.986	0.849	1.413	0.905	1.289	0.291	0.000	0.000	0.000	0.000	0.000	0.000	0.000	0.000	0.000	0.000	0.000	0.000	0.000	0.000	0.000	0.000	0.000	0.000
131.000	0.158	1.097	0.985	0.844	1.409	0.902	1.288	0.291	0.000	0.000	0.000	0.000	0.000	0.000	0.000	0.000	0.000	0.000	0.000	0.000	0.000	0.000	0.000	0.000	0.000	0.000
132.000	0.156	1.097	0.986	0.847	1.410	0.905	1.288	0.291	0.000	0.000	0.000	0.000	0.000	0.000	0.000	0.000	0.000	0.000	0.000	0.000	0.000	0.000	0.000	0.000	0.000	0.000
133.000	0.157	1.098	0.986	0.845	1.411	0.905	1.286	0.293	0.000	0.000	0.000	0.000	0.000	0.000	0.000	0.000	0.000	0.000	0.000	0.000	0.000	0.000	0.000	0.000	0.000	0.000
134.000	0.156	1.098	0.989	0.848	1.411	0.907	1.288	0.294	0.000	0.000	0.000	0.000	0.000	0.000	0.000	0.000	0.000	0.000	0.000	0.000	0.000	0.000	0.000	0.000	0.000	0.000
135.000	0.159	1.100	0.989	0.849	1.410	0.906	1.288	0.292	0.000	0.000	0.000	0.000	0.000	0.000	0.000	0.000	0.000	0.000	0.000	0.000	0.000	0.000	0.000	0.000	0.000	0.000
136.000	0.154	1.096	0.985	0.845	1.409	0.903	1.288	0.293	0.000	0.000	0.000	0.000	0.000	0.000	0.000	0.000	0.000	0.000	0.000	0.000	0.000	0.000	0.000	0.000	0.000	0.000
137.000	0.158	1.098	0.986	0.845	1.409	0.903	1.286	0.293	0.000	0.000	0.000	0.000	0.000	0.000	0.000	0.000	0.000	0.000	0.000	0.000	0.000	0.000	0.000	0.000	0.000	0.000
138.000	0.155	1.099	0.987	0.847	1.411	0.903	1.289	0.292	0.000	0.000	0.000	0.000	0.000	0.000	0.000	0.000	0.000	0.000	0.000	0.000	0.000	0.000	0.000	0.000	0.000	0.000
139.000	0.145	1.095	0.988	0.849	1.410	0.907	1.288	0.294	0.000	0.000	0.000	0.000	0.000	0.000	0.000	0.000	0.000	0.000	0.000	0.000	0.000	0.000	0.000	0.000	0.000	0.000
140.000	0.158	1.095	0.984	0.844	1.408	0.903	1.288	0.293	0.000	0.000	0.000	0.000	0.000	0.000	0.000	0.000	0.000	0.000	0.000	0.000	0.000	0.000	0.000	0.000	0.000	0.000
141.000	0.155	1.094	0.986	0.845	1.410	0.903	1.288	0.292	0.000	0.000	0.000	0.000	0.000	0.000	0.000	0.000	0.000	0.000	0.000	0.000	0.000	0.000	0.000	0.000	0.000	0.000
142.000	0.154	1.096	0.985	0.845	1.409	0.902	1.287	0.292	0.000	0.000	0.000	0.000	0.000	0.000	0.000	0.000	0.000	0.000	0.000	0.000	0.000	0.000	0.000	0.000	0.000	0.000
143.000	0.150	1.098	0.987	0.849	1.410	0.905	1.288	0.292	0.000	0.000	0.000	0.000	0.000	0.000	0.000	0.000	0.000	0.000	0.000	0.000	0.000	0.000	0.000	0.000	0.000	0.000
144.000	0.151	1.097	0.988	0.850	1.411	0.906	1.288	0.291	0.000	0.000	0.000	0.000	0.000	0.000	0.000	0.000	0.000	0.000	0.000	0.000	0.000	0.000	0.000	0.000	0.000	0.000
145.000	0.156	1.097	0.986	0.846	1.410	0.906	1.288	0.292	0.000	0.000	0.000	0.000	0.000	0.000	0.000	0.000	0.000	0.000	0.000	0.000	0.000	0.000	0.000	0.000	0.000	0.000
146.000	0.160	1.097	0.986	0.846	1.409	0.903	1.288	0.292	0.000	0.000	0.000	0.000	0.000	0.000	0.000	0.000	0.000	0.000	0.000	0.000	0.000	0.000	0.000	0.000	0.000	0.000
147.000	0.156	1.097	0.985	0.847	1.408	0.903	1.288	0.293	0.000	0.000	0.000	0.000	0.000	0.000	0.000	0.000	0.000	0.000	0.000	0.000	0.000	0.000	0.000	0.000	0.000	0.000
148.000	0.160	1.095	0.984	0.846	1.410	0.903	1.288	0.293	0.000	0.000	0.000	0.000	0.000	0.000	0.000	0.000	0.000	0.000	0.000	0.000	0.000	0.000	0.000	0.000	0.000	0.000
149.000	0.157	1.101	0.987	0.849	1.410	0.907	1.289	0.293	0.000	0.000	0.000	0.000	0.000	0.000	0.000	0.000	0.000	0.000	0.000	0.000	0.000	0.000	0.000	0.000	0.000	0.000
150.000	0.155	1.098	0.987	0.846	1.412	0.906	1.287	0.291	0.000	0.000	0.000	0.000	0.000	0.000	0.000	0.000	0.000	0.000	0.000	0.000	0.000	0.000	0.000	0.000	0.000	0.000
151.000	0.150	1.099	0.989	0.853	1.412	0.910	1.289	0.293	0.000	0.000	0.000	0.000	0.000	0.000	0.000	0.000	0.000	0.000	0.000	0.000	0.000	0.000	0.000	0.000	0.000	0.000
152.000	0.163	1.098	0.984	0.844	1.409	0.902	1.286	0.293	0.000	0.000	0.000	0.000	0.000	0.000	0.000	0.000	0.000	0.000	0.000	0.000	0.000	0.000	0.000	0.000	0.000	0.000
153.000	0.163	1.104	0.987	0.850	1.410	0.907	1.288	0.292	0.000	0.000	0.000	0.000	0.000	0.000	0.000	0.000	0.000	0.000	0.000	0.000	0.000	0.000	0.000	0.000	0.000	0.000
154.000	0.148	1.098	0.988	0.848	1.411	0.909	1.289	0.293	0.000	0.000	0.000	0.000	0.000	0.000	0.000	0.000	0.000	0.000	0.000	0.000	0.000	0.000	0.000	0.000	0.000	0.000
155.000	0.153	1.098	0.988	0.852	1.411	0.909	1.289	0.294	0.000	0.000	0.000	0.000	0.000	0.000	0.000	0.000	0.000	0.000	0.000	0.000	0.000	0.000	0.000	0.000	0.000	0.000
156.000	0.149	1.095	0.987	0.850	1.409	0.908	1.288	0.292	0.000	0.000	0.000	0.000	0.000	0.000	0.000	0.000	0.000	0.000	0.000	0.000	0.000	0.000	0.000	0.000	0.000	0.000
157.000	0.148	1.095	0.985	0.847	1.410	0.905	1.287	0.291	0.000	0.000	0.000	0.000	0.000	0.000	0.000	0.000	0.000	0.000	0.000	0.000	0.000	0.000	0.000	0.000	0.000	0.000
158.000	0.149	1.099	0.987	0.848	1.410	0.907	1.287	0.294	0.000	0.000	0.000	0.000	0.000	0.000	0.000	0.000	0.000	0.000	0.000	0.000	0.000	0.000	0.000	0.000	0.000	0.000
159.000	0.148	1.095	0.988	0.853	1.414	0.909	1.288	0.291	0.000	0.000	0.000	0.000	0.000	0.000	0.000	0.000	0.000	0.000	0.000	0.000	0.000	0.000	0.000	0.000	0.000	0.000
160.000	0.159	1.095	0.987	0.846	1.407	0.905	1.286	0.292	0.000	0.000	0.000	0.000	0.000	0.000	0.000	0.000	0.000	0.000	0.000	0.000	0.000	0.000	0.000	0.000	0.000	0.000
161.000	0.160	1.095	0.986	0.846	1.409	0.903	1.288	0.292	0.000	0.000	0.000	0.000	0.000	0.000	0.000	0.000	0.000	0.000	0.000	0.000	0.000	0.000	0.000	0.000	0.000	0.000
162.000	0.157	1.096	0.986	0.847	1.410	0.905	1.287	0.293	0.000	0.000	0.000	0.000	0.000	0.000	0.000	0.000	0.000	0.000	0.000	0.000	0.000	0.000	0.000	0.000	0.000	0.000
163.000	0.144	1.092	0.985	0.845	1.409	0.902	1.287	0.291	0.000	0.000	0.000	0.000	0.000	0.000	0.000	0.000	0.000	0.000	0.000	0.000	0.000	0.000	0.000	0.000	0.000	0.000
164.000	0.158	1.095	0.987	0.846	1.410	0.905	1.288	0.292	0.000	0.000	0.000	0.000	0.000	0.000	0.000	0.000	0.000	0.000	0.000	0.000	0.000	0.000	0.000	0.000	0.000	0.000
165.000	0.157	1.093	0.986	0.847	1.410	0.905	1.288	0.293	0.000	0.000	0.000	0.000	0.000	0.000	0.000	0.000	0.000	0.000	0.000	0.000	0.000	0.000	0.000	0.000	0.000	0.000
166.000	0.159	1.097	0.987	0.849	1.409	0.907	1.288	0.292	0.000	0.000	0.000	0.000	0.000	0.000	0.000	0.000	0.000	0.000	0.000	0.000	0.000	0.000	0.000	0.000	0.000	0.000
167.000	0.152	1.095	0.988	0.853	1.412	0.908	1.289	0.293	0.000	0.000	0.000	0.000	0.000	0.000	0.000	0.000	0.000	0.000	0.000	0.000	0.000	0.000	0.000	0.000	0.000	0.000
168.000	0.160	1.094	0.983	0.846	1.408	0.901	1.287	0.292	0.000	0.000	0.000	0.000	0.000	0.000	0.000	0.000	0.000	0.000	0.000	0.000	0.000	0.000	0.000	0.000	0.000	0.000
169.000	0.148	1.095	0.990	0.850	1.410	0.907	1.288	0.293	0.000	0.000	0.000	0.000	0.000	0.000	0.000	0.000	0.000	0.000	0.000	0.000	0.000	0.000	0.000	0.000	0.000	0.000
170.000	0.159	1.097	0.989	0.849	1.410	0.909	1.287	0.294	0.000	0.000	0.000	0.000	0.000	0.000	0.000	0.000	0.000	0.000	0.000	0.000	0.000	0.000	0.000	0.000	0.000	0.000
171.000	0.158	1.096	0.988	0.848	1.411	0.905	1.289	0.290	0.000	0.000	0.000	0.000	0.000	0.000	0.000	0.000	0.000	0.000	0.000	0.000	0.000	0.000	0.000	0.000	0.000	0.000
172.000	0.158	1.095	0.986	0.846	1.409	0.903	1.288	0.291	0.000	0.000	0.000	0.000	0.000	0.000	0.000	0.000	0.000	0.000	0.000	0.000	0.000	0.000	0.000	0.000	0.000	0.000
173.000	0.160	1.099	0.988	0.847	1.410	0.905	1.287	0.290	0.000	0.000	0.000	0.000	0.000	0.000	0.000	0.000	0.000	0.000	0.000	0.000	0.000	0.000	0.000	0.000	0.000	0.000
174.000	0.157	1.091	0.983	0.845	1.408	0.903	1.287	0.291	0.000	0.000	0.000	0.000	0.000	0.000	0.000	0.000	0.000	0.000	0.000	0.000	0.000	0.000	0.000	0.000	0.000	0.000
175.000	0.148	1.094	0.985	0.848	1.409	0.902	1.288	0.292	0.000	0.000	0.000	0.000	0.000	0.000	0.000	0.000	0.000	0.000	0.000	0.000	0.000	0.000	0.000	0.000	0.000	0.000
176.000	0.148	1.093	0.988	0.848	1.410	0.905	1.287	0.292	0.000	0.000	0.000	0.000	0.000	0.000	0.000	0.000	0.000	0.000	0.000	0.000	0.000	0.000	0.000	0.000	0.000	0.000
177.000	0.152	1.094	0.987	0.849	1.411	0.905	1.288	0.290	0.000	0.000	0.000	0.000	0.000	0.000	0.000	0.000	0.000	0.000	0.000	0.000	0.000	0.000	0.000	0.000	0.000	0.000
178.000	0.155	1.097	0.986	0.847	1.410	0.906	1.287	0.293	0.000	0.000	0.000	0.000	0.000	0.000	0.000	0.000	0.000	0.000	0.000	0.000	0.000	0.000	0.000	0.000	0.000	0.000
179.000	0.139	1.093	0.987	0.852	1.411	0.909	1.289	0.295	0.000	0.000	0.000	0.000	0.000	0.000	0.000	0.000	0.000	0.000	0.000	0.000	0.000	0.000	0.000	0.000	0.000	0.000
180.000	0.133	1.091	0.990	0.853	1.412	0.907	1.291	0.293	0.000	0.000	0.000	0.000	0.000	0.000	0.000	0.000	0.000	0.000	0.000	0.000	0.000	0.000	0.000	0.000	0.000	0.000
181.000	0.147	1.097	0.989	0.849	1.413	0.909	1.289	0.294	0.000	0.000	0.000	0.000	0.000	0.000	0.000	0.000	0.000	0.000	0.000	0.000	0.000	0.000	0.000	0.000	0.000	0.000
182.000	0.140	1.091	0.987	0.848	1.410	0.906	1.289	0.293	0.000	0.000	0.000	0.000	0.000	0.000	0.000	0.000	0.000	0.000	0.000	0.000	0.000	0.000	0.000	0.000	0.000	0.000
183.000	0.142	1.096	0.989	0.852	1.413	0.908	1.291	0.290	0.000	0.000	0.000	0.000	0.000	0.000	0.000	0.000	0.000	0.000	0.000	0.000	0.000	0.000	0.000	0.000	0.000	0.000
184.000	0.127	1.090	0.987	0.850	1.412	0.907	1.289	0.295	0.000	0.000	0.000	0.000	0.000	0.000	0.000	0.000	0.000	0.000	0.000	0.000	0.000	0.000	0.000	0.000	0.000	0.000
185.000	0.151	1.092	0.984	0.847	1.408	0.903	1.287	0.293	0.000	0.000	0.000	0.000	0.000	0.000	0.000	0.000	0.000	0.000	0.000	0.000	0.000	0.000	0.000	0.000	0.000	0.000
186.000	0.148	1.093	0.986	0.846	1.409	0.905	1.288	0.292	0.000	0.000	0.000	0.000	0.000	0.000	0.000	0.000	0.000	0.000	0.000	0.000	0.000	0.000	0.000	0.000	0.000	0.000
187.000	0.145	1.093	0.987	0.846	1.410	0.903	1.288	0.292	0.000	0.000	0.000	0.000	0.000	0.000	0.000	0.000	0.000	0.000	0.000	0.000	0.000	0.000	0.000	0.000	0.000	0.000
188.000	0.147	1.092	0.987	0.849	1.409	0.905	1.287	0.293	0.000	0.000	0.000	0.000	0.000	0.000	0.000	0.000	0.000	0.000	0.000	0.000	0.000	0.000	0.000	0.000	0.000	0.000
189.000	0.144	1.093	0.987	0.846	1.410	0.905	1.290	0.294	0.000	0.000	0.000	0.000	0.000	0.000	0.000	0.000	0.000	0.000	0.000	0.000	0.000	0.000	0.000	0.000	0.000	0.000
190.000	0.146	1.095	0.986	0.846	1.409	0.903	1.288	0.292	0.000	0.000	0.000	0.000	0.000	0.000	0.000	0.000	0.000	0.000	0.000	0.000	0.000	0.000	0.000	0.000	0.000	0.000
191.000	0.149	1.093	0.986	0.848	1.408	0.905	1.288	0.294	0.000	0.000	0.000	0.000	0.000	0.000	0.000	0.000	0.000	0.000	0.000	0.000	0.000	0.000	0.000	0.000	0.000	0.000
192.000	0.150	1.096	0.987	0.850	1.410	0.908	1.288	0.293	0.000	0.000	0.000	0.000	0.000	0.000	0.000	0.000	0.000	0.000	0.000	0.000	0.000	0.000	0.000	0.000	0.000	0.000
193.000	0.152	1.095	0.986	0.849	1.411	0.906	1.289	0.293	0.000	0.000	0.000	0.000	0.000	0.000	0.000	0.000	0.000	0.000	0.000	0.000	0.000	0.000	0.000	0.000	0.000	0.000
194.000	0.149	1.094	0.986	0.849	1.409	0.905	1.288	0.292	0.000	0.000	0.000	0.000	0.000	0.000	0.000	0.000	0.000	0.000	0.000	0.000	0.000	0.000	0.000	0.000	0.000	0.000
195.000	0.150	1.097	0.988	0.852	1.412	0.907	1.288	0.294	0.000	0.000	0.000	0.000	0.000	0.000	0.000	0.000	0.000	0.000	0.000	0.000	0.000	0.000	0.000	0.000	0.000	0.000
196.000	0.149	1.096	0.989	0.852	1.409	0.909	1.289	0.292	0.000	0.000	0.000	0.000	0.000	0.000	0.000	0.000	0.000	0.000	0.000	0.000	0.000	0.000	0.000	0.000	0.000	0.000
197.000	0.148	1.097	0.988	0.850	1.411	0.908	1.288	0.292	0.000	0.000	0.000	0.000	0.000	0.000	0.000	0.000	0.000	0.000	0.000	0.000	0.000	0.000	0.000	0.000	0.000	0.000
198.000	0.149	1.096	0.989	0.849	1.412	0.909	1.290	0.293	0.000	0.000	0.000	0.000	0.000	0.000	0.000	0.000	0.000	0.000	0.000	0.000	0.000	0.000	0.000	0.000	0.000	0.000
199.000	0.146	1.094	0.985	0.847	1.409	0.905	1.288	0.292	0.000	0.000	0.000	0.000	0.000	0.000	0.000	0.000	0.000	0.000	0.000	0.000	0.000	0.000	0.000	0.000	0.000	0.000
200.000	0.149	1.096	0.989	0.850	1.412	0.908	1.288	0.292	0.000	0.000	0.000	0.000	0.000	0.000	0.000	0.000	0.000	0.000	0.000	0.000	0.000	0.000	0.000	0.000	0.000	0.000
201.000	0.138	1.093	0.990	0.852	1.413	0.909	1.289	0.292	0.000	0.000	0.000	0.000	0.000	0.000	0.000	0.000	0.000	0.000	0.000	0.000	0.000	0.000	0.000	0.000	0.000	0.000
202.000	0.149	1.096	0.990	0.852	1.412	0.908	1.288	0.294	0.000	0.000	0.000	0.000	0.000	0.000	0.000	0.000	0.000	0.000	0.000	0.000	0.000	0.000	0.000	0.000	0.000	0.000
203.000	0.148	1.094	0.985	0.847	1.409	0.903	1.288	0.293	0.000	0.000	0.000	0.000	0.000	0.000	0.000	0.000	0.000	0.000	0.000	0.000	0.000	0.000	0.000	0.000	0.000	0.000
204.000	0.150	1.096	0.988	0.853	1.411	0.909	1.289	0.293	0.000	0.000	0.000	0.000	0.000	0.000	0.000	0.000	0.000	0.000	0.000	0.000	0.000	0.000	0.000	0.000	0.000	0.000
205.000	0.146	1.094	0.987	0.847	1.409	0.905	1.288	0.292	0.000	0.000	0.000	0.000	0.000	0.000	0.000	0.000	0.000	0.000	0.000	0.000	0.000	0.000	0.000	0.000	0.000	0.000
206.000	0.147	1.096	0.987	0.853	1.411	0.908	1.288	0.294	0.000	0.000	0.000	0.000	0.000	0.000	0.000	0.000	0.000	0.000	0.000	0.000	0.000	0.000	0.000	0.000	0.000	0.000
207.000	0.141	1.093	0.989	0.852	1.413	0.907	1.288	0.293	0.000	0.000	0.000	0.000	0.000	0.000	0.000	0.000	0.000	0.000	0.000	0.000	0.000	0.000	0.000	0.000	0.000	0.000
208.000	0.149	1.094	0.986	0.847	1.410	0.905	1.286	0.292	0.000	0.000	0.000	0.000	0.000	0.000	0.000	0.000	0.000	0.000	0.000	0.000	0.000	0.000	0.000	0.000	0.000	0.000
209.000	0.149	1.094	0.986	0.852	1.412	0.908	1.289	0.293	0.000	0.000	0.000	0.000	0.000	0.000	0.000	0.000	0.000	0.000	0.000	0.000	0.000	0.000	0.000	0.000	0.000	0.000
210.000	0.145	1.094	0.986	0.847	1.409	0.903	1.288	0.293	0.000	0.000	0.000	0.000	0.000	0.000	0.000	0.000	0.000	0.000	0.000	0.000	0.000	0.000	0.000	0.000	0.000	0.000
211.000	0.139	1.091	0.987	0.848	1.410	0.906	1.288	0.294	0.000	0.000	0.000	0.000	0.000	0.000	0.000	0.000	0.000	0.000	0.000	0.000	0.000	0.000	0.000	0.000	0.000	0.000
212.000	0.146	1.092	0.984	0.847	1.410	0.906	1.289	0.294	0.000	0.000	0.000	0.000	0.000	0.000	0.000	0.000	0.000	0.000	0.000	0.000	0.000	0.000	0.000	0.000	0.000	0.000
213.000	0.147	1.093	0.984	0.848	1.409	0.905	1.288	0.293	0.000	0.000	0.000	0.000	0.000	0.000	0.000	0.000	0.000	0.000	0.000	0.000	0.000	0.000	0.000	0.000	0.000	0.000
214.000	0.151	1.098	0.988	0.850	1.411	0.907	1.288	0.293	0.000	0.000	0.000	0.000	0.000	0.000	0.000	0.000	0.000	0.000	0.000	0.000	0.000	0.000	0.000	0.000	0.000	0.000
215.000	0.151	1.099	0.988	0.850	1.410	0.906	1.288	0.292	0.000	0.000	0.000	0.000	0.000	0.000	0.000	0.000	0.000	0.000	0.000	0.000	0.000	0.000	0.000	0.000	0.000	0.000
216.000	0.151	1.095	0.986	0.849	1.409	0.907	1.290	0.294	0.000	0.000	0.000	0.000	0.000	0.000	0.000	0.000	0.000	0.000	0.000	0.000	0.000	0.000	0.000	0.000	0.000	0.000
217.000	0.151	1.098	0.987	0.852	1.409	0.907	1.287	0.294	0.000	0.000	0.000	0.000	0.000	0.000	0.000	0.000	0.000	0.000	0.000	0.000	0.000	0.000	0.000	0.000	0.000	0.000
218.000	0.149	1.093	0.984	0.847	1.409	0.906	1.288	0.294	0.000	0.000	0.000	0.000	0.000	0.000	0.000	0.000	0.000	0.000	0.000	0.000	0.000	0.000	0.000	0.000	0.000	0.000
219.000	0.151	1.098	0.988	0.852	1.410	0.908	1.289	0.293	0.000	0.000	0.000	0.000	0.000	0.000	0.000	0.000	0.000	0.000	0.000	0.000	0.000	0.000	0.000	0.000	0.000	0.000
220.000	0.153	1.097	0.987	0.850	1.410	0.906	1.289	0.293	0.000	0.000	0.000	0.000	0.000	0.000	0.000	0.000	0.000	0.000	0.000	0.000	0.000	0.000	0.000	0.000	0.000	0.000
221.000	0.154	1.099	0.988	0.853	1.411	0.908	1.288	0.293	0.000	0.000	0.000	0.000	0.000	0.000	0.000	0.000	0.000	0.000	0.000	0.000	0.000	0.000	0.000	0.000	0.000	0.000
222.000	0.149	1.093	0.985	0.847	1.409	0.903	1.288	0.293	0.000	0.000	0.000	0.000	0.000	0.000	0.000	0.000	0.000	0.000	0.000	0.000	0.000	0.000	0.000	0.000	0.000	0.000
223.000	0.149	1.097	0.985	0.847	1.409	0.908	1.288	0.295	0.000	0.000	0.000	0.000	0.000	0.000	0.000	0.000	0.000	0.000	0.000	0.000	0.000	0.000	0.000	0.000	0.000	0.000
224.000	0.153	1.098	0.987	0.849	1.409	0.909	1.288	0.292	0.000	0.000	0.000	0.000	0.000	0.000	0.000	0.000	0.000	0.000	0.000	0.000	0.000	0.000	0.000	0.000	0.000	0.000
225.000	0.152	1.093	0.983	0.845	1.409	0.905	1.288	0.292	0.000	0.000	0.000	0.000	0.000	0.000	0.000	0.000	0.000	0.000	0.000	0.000	0.000	0.000	0.000	0.000	0.000	0.000
226.000	0.151	1.098	0.989	0.852	1.410	0.909	1.290	0.292	0.000	0.000	0.000	0.000	0.000	0.000	0.000	0.000	0.000	0.000	0.000	0.000	0.000	0.000	0.000	0.000	0.000	0.000
227.000	0.152	1.094	0.986	0.850	1.409	0.905	1.288	0.290	0.000	0.000	0.000	0.000	0.000	0.000	0.000	0.000	0.000	0.000	0.000	0.000	0.000	0.000	0.000	0.000	0.000	0.000
228.000	0.152	1.095	0.988	0.850	1.409	0.909	1.290	0.292	0.000	0.000	0.000	0.000	0.000	0.000	0.000	0.000	0.000	0.000	0.000	0.000	0.000	0.000	0.000	0.000	0.000	0.000
229.000	0.150	1.094	0.984	0.848	1.409	0.902	1.288	0.291	0.000	0.000	0.000	0.000	0.000	0.000	0.000	0.000	0.000	0.000	0.000	0.000	0.000	0.000	0.000	0.000	0.000	0.000
230.000	0.150	1.094	0.984	0.848	1.409	0.906	1.288	0.293	0.000	0.000	0.000	0.000	0.000	0.000	0.000	0.000	0.000	0.000	0.000	0.000	0.000	0.000	0.000	0.000	0.000	0.000
231.000	0.153	1.097	0.988	0.850	1.411	0.908	1.289	0.293	0.000	0.000	0.000	0.000	0.000	0.000	0.000	0.000	0.000	0.000	0.000	0.000	0.000	0.000	0.000	0.000	0.000	0.000
232.000	0.152	1.095	0.986	0.850	1.411	0.905	1.288	0.293	0.000	0.000	0.000	0.000	0.000	0.000	0.000	0.000	0.000	0.000	0.000	0.000	0.000	0.000	0.000	0.000	0.000	0.000
233.000	0.152	1.097	0.987	0.850	1.411	0.906	1.288	0.294	0.000	0.000	0.000	0.000	0.000	0.000	0.000	0.000	0.000	0.000	0.000	0.000	0.000	0.000	0.000	0.000	0.000	0.000
234.000	0.154	1.097	0.985	0.850	1.411	0.908	1.288	0.291	0.000	0.000	0.000	0.000	0.000	0.000	0.000	0.000	0.000	0.000	0.000	0.000	0.000	0.000	0.000	0.000	0.000	0.000
235.000	0.150	1.093	0.984	0.846	1.410	0.903	1.288	0.291	0.000	0.000	0.000	0.000	0.000	0.000	0.000	0.000	0.000	0.000	0.000	0.000	0.000	0.000	0.000	0.000	0.000	0.000
236.000	0.152	1.093	0.982	0.848	1.409	0.905	1.288	0.292	0.000	0.000	0.000	0.000	0.000	0.000	0.000	0.000	0.000	0.000	0.000	0.000	0.000	0.000	0.000	0.000	0.000	0.000
237.000	0.152	1.095	0.986	0.849	1.410	0.906	1.288	0.292	0.000	0.000	0.000	0.000	0.000	0.000	0.000	0.000	0.000	0.000	0.000	0.000	0.000	0.000	0.000	0.000	0.000	0.000
238.000	0.152	1.094	0.985	0.848	1.408	0.906	1.289	0.291	0.000	0.000	0.000	0.000	0.000	0.000	0.000	0.000	0.000	0.000	0.000	0.000	0.000	0.000	0.000	0.000	0.000	0.000
239.000	0.150	1.094	0.986	0.850	1.410	0.908	1.288	0.293	0.000	0.000	0.000	0.000	0.000	0.000	0.000	0.000	0.000	0.000	0.000	0.000	0.000	0.000	0.000	0.000	0.000	0.000
240.000	0.155	1.098	0.987	0.852	1.409	0.906	1.288	0.293	0.000	0.000	0.000	0.000	0.000	0.000	0.000	0.000	0.000	0.000	0.000	0.000	0.000	0.000	0.000	0.000	0.000	0.000
241.000	0.152	1.096	0.986	0.852	1.412	0.909	1.289	0.293	0.000	0.000	0.000	0.000	0.000	0.000	0.000	0.000	0.000	0.000	0.000	0.000	0.000	0.000	0.000	0.000	0.000	0.000
242.000	0.152	1.096	0.986	0.850	1.409	0.909	1.288	0.293	0.000	0.000	0.000	0.000	0.000	0.000	0.000	0.000	0.000	0.000	0.000	0.000	0.000	0.000	0.000	0.000	0.000	0.000
243.000	0.151	1.093	0.986	0.848	1.410	0.906	1.289	0.294	0.000	0.000	0.000	0.000	0.000	0.000	0.000	0.000	0.000	0.000	0.000	0.000	0.000	0.000	0.000	0.000	0.000	0.000
244.000	0.151	1.095	0.986	0.849	1.410	0.907	1.288	0.292	0.000	0.000	0.000	0.000	0.000	0.000	0.000	0.000	0.000	0.000	0.000	0.000	0.000	0.000	0.000	0.000	0.000	0.000
245.000	0.155	1.092	0.984	0.848	1.407	0.906	1.288	0.292	0.000	0.000	0.000	0.000	0.000	0.000	0.000	0.000	0.000	0.000	0.000	0.000	0.000	0.000	0.000	0.000	0.000	0.000
246.000	0.153	1.096	0.987	0.848	1.411	0.907	1.287	0.292	0.000	0.000	0.000	0.000	0.000	0.000	0.000	0.000	0.000	0.000	0.000	0.000	0.000	0.000	0.000	0.000	0.000	0.000
247.000	0.154	1.098	0.987	0.850	1.409	0.909	1.287	0.292	0.000	0.000	0.000	0.000	0.000	0.000	0.000	0.000	0.000	0.000	0.000	0.000	0.000	0.000	0.000	0.000	0.000	0.000
248.000	0.149	1.095	0.984	0.848	1.409	0.905	1.287	0.291	0.000	0.000	0.000	0.000	0.000	0.000	0.000	0.000	0.000	0.000	0.000	0.000	0.000	0.000	0.000	0.000	0.000	0.000
249.000	0.151	1.096	0.986	0.849	1.410	0.905	1.288	0.293	0.000	0.000	0.000	0.000	0.000	0.000	0.000	0.000	0.000	0.000	0.000	0.000	0.000	0.000	0.000	0.000	0.000	0.000
250.000	0.153	1.097	0.986	0.850	1.410	0.908	1.287	0.291	0.000	0.000	0.000	0.000	0.000	0.000	0.000	0.000	0.000	0.000	0.000	0.000	0.000	0.000	0.000	0.000	0.000	0.000
251.000	0.153	1.095	0.986	0.850	1.410	0.908	1.288	0.294	0.000	0.000	0.000	0.000	0.000	0.000	0.000	0.000	0.000	0.000	0.000	0.000	0.000	0.000	0.000	0.000	0.000	0.000
252.000	0.152	1.100	0.988	0.852	1.411	0.909	1.288	0.293	0.000	0.000	0.000	0.000	0.000	0.000	0.000	0.000	0.000	0.000	0.000	0.000	0.000	0.000	0.000	0.000	0.000	0.000
253.000	0.153	1.092	0.983	0.847	1.408	0.903	1.288	0.292	0.000	0.000	0.000	0.000	0.000	0.000	0.000	0.000	0.000	0.000	0.000	0.000	0.000	0.000	0.000	0.000	0.000	0.000
254.000	0.150	1.093	0.985	0.848	1.409	0.905	1.288	0.292	0.000	0.000	0.000	0.000	0.000	0.000	0.000	0.000	0.000	0.000	0.000	0.000	0.000	0.000	0.000	0.000	0.000	0.000
255.000	0.152	1.095	0.988	0.849	1.409	0.906	1.287	0.292	0.000	0.000	0.000	0.000	0.000	0.000	0.000	0.000	0.000	0.000	0.000	0.000	0.000	0.000	0.000	0.000	0.000	0.000
256.000	0.153	1.096	0.986	0.852	1.410	0.908	1.289	0.293	0.000	0.000	0.000	0.000	0.000	0.000	0.000	0.000	0.000	0.000	0.000	0.000	0.000	0.000	0.000	0.000	0.000	0.000
257.000	0.154	1.094	0.988	0.849	1.410	0.907	1.288	0.294	0.000	0.000	0.000	0.000	0.000	0.000	0.000	0.000	0.000	0.000	0.000	0.000	0.000	0.000	0.000	0.000	0.000	0.000
258.000	0.150	1.092	0.984	0.846	1.407	0.903	1.288	0.292	0.000	0.000	0.000	0.000	0.000	0.000	0.000	0.000	0.000	0.000	0.000	0.000	0.000	0.000	0.000	0.000	0.000	0.000
259.000	0.155	1.096	0.985	0.849	1.409	0.907	1.289	0.293	0.000	0.000	0.000	0.000	0.000	0.000	0.000	0.000	0.000	0.000	0.000	0.000	0.000	0.000	0.000	0.000	0.000	0.000
260.000	0.150	1.093	0.983	0.847	1.408	0.903	1.288	0.292	0.000	0.000	0.000	0.000	0.000	0.000	0.000	0.000	0.000	0.000	0.000	0.000	0.000	0.000	0.000	0.000	0.000	0.000
261.000	0.152	1.096	0.985	0.848	1.409	0.905	1.289	0.293	0.000	0.000	0.000	0.000	0.000	0.000	0.000	0.000	0.000	0.000	0.000	0.000	0.000	0.000	0.000	0.000	0.000	0.000
262.000	0.151	1.090	0.984	0.847	1.410	0.902	1.287	0.293	0.000	0.000	0.000	0.000	0.000	0.000	0.000	0.000	0.000	0.000	0.000	0.000	0.000	0.000	0.000	0.000	0.000	0.000
263.000	0.150	1.095	0.986	0.850	1.409	0.908	1.288	0.293	0.000	0.000	0.000	0.000	0.000	0.000	0.000	0.000	0.000	0.000	0.000	0.000	0.000	0.000	0.000	0.000	0.000	0.000
264.000	0.153	1.092	0.985	0.846	1.408	0.903	1.288	0.292	0.000	0.000	0.000	0.000	0.000	0.000	0.000	0.000	0.000	0.000	0.000	0.000	0.000	0.000	0.000	0.000	0.000	0.000
265.000	0.150	1.092	0.985	0.846	1.409	0.905	1.287	0.292	0.000	0.000	0.000	0.000	0.000	0.000	0.000	0.000	0.000	0.000	0.000	0.000	0.000	0.000	0.000	0.000	0.000	0.000
266.000	0.152	1.095	0.986	0.850	1.410	0.906	1.288	0.293	0.000	0.000	0.000	0.000	0.000	0.000	0.000	0.000	0.000	0.000	0.000	0.000	0.000	0.000	0.000	0.000	0.000	0.000
267.000	0.153	1.095	0.986	0.849	1.409	0.906	1.288	0.291	0.000	0.000	0.000	0.000	0.000	0.000	0.000	0.000	0.000	0.000	0.000	0.000	0.000	0.000	0.000	0.000	0.000	0.000
268.000	0.155	1.092	0.982	0.846	1.406	0.902	1.286	0.292	0.000	0.000	0.000	0.000	0.000	0.000	0.000	0.000	0.000	0.000	0.000	0.000	0.000	0.000	0.000	0.000	0.000	0.000
269.000	0.153	1.090	0.982	0.847	1.407	0.905	1.286	0.292	0.000	0.000	0.000	0.000	0.000	0.000	0.000	0.000	0.000	0.000	0.000	0.000	0.000	0.000	0.000	0.000	0.000	0.000
270.000	0.152	1.093	0.983	0.847	1.408	0.903	1.287	0.291	0.000	0.000	0.000	0.000	0.000	0.000	0.000	0.000	0.000	0.000	0.000	0.000	0.000	0.000	0.000	0.000	0.000	0.000
271.000	0.152	1.096	0.988	0.849	1.409	0.906	1.288	0.291	0.000	0.000	0.000	0.000	0.000	0.000	0.000	0.000	0.000	0.000	0.000	0.000	0.000	0.000	0.000	0.000	0.000	0.000
272.000	0.153	1.096	0.989	0.850	1.411	0.906	1.288	0.293	0.000	0.000	0.000	0.000	0.000	0.000	0.000	0.000	0.000	0.000	0.000	0.000	0.000	0.000	0.000	0.000	0.000	0.000
273.000	0.154	1.094	0.986	0.850	1.411	0.906	1.288	0.294	0.000	0.000	0.000	0.000	0.000	0.000	0.000	0.000	0.000	0.000	0.000	0.000	0.000	0.000	0.000	0.000	0.000	0.000
274.000	0.152	1.097	0.989	0.850	1.412	0.907	1.289	0.294	0.000	0.000	0.000	0.000	0.000	0.000	0.000	0.000	0.000	0.000	0.000	0.000	0.000	0.000	0.000	0.000	0.000	0.000
275.000	0.150	1.095	0.985	0.850	1.410	0.907	1.289	0.290	0.000	0.000	0.000	0.000	0.000	0.000	0.000	0.000	0.000	0.000	0.000	0.000	0.000	0.000	0.000	0.000	0.000	0.000
276.000	0.151	1.085	0.979	0.843	1.408	0.902	1.279	0.287	0.000	0.000	0.000	0.000	0.000	0.000	0.000	0.000	0.000	0.000	0.000	0.000	0.000	0.000	0.000	0.000	0.000	0.000
277.000	0.151	1.084	0.983	0.842	1.410	0.903	1.282	0.289	0.000	0.000	0.000	0.000	0.000	0.000	0.000	0.000	0.000	0.000	0.000	0.000	0.000	0.000	0.000	0.000	0.000	0.000
278.000	0.153	1.087	0.985	0.844	1.409	0.905	1.283	0.291	0.000	0.000	0.000	0.000	0.000	0.000	0.000	0.000	0.000	0.000	0.000	0.000	0.000	0.000	0.000	0.000	0.000	0.000
279.000	0.152	1.085	0.980	0.842	1.409	0.902	1.281	0.290	0.000	0.000	0.000	0.000	0.000	0.000	0.000	0.000	0.000	0.000	0.000	0.000	0.000	0.000	0.000	0.000	0.000	0.000
280.000	0.150	1.086	0.981	0.842	1.408	0.901	1.282	0.288	0.000	0.000	0.000	0.000	0.000	0.000	0.000	0.000	0.000	0.000	0.000	0.000	0.000	0.000	0.000	0.000	0.000	0.000
281.000	0.151	1.084	0.981	0.839	1.407	0.901	1.279	0.290	0.000	0.000	0.000	0.000	0.000	0.000	0.000	0.000	0.000	0.000	0.000	0.000	0.000	0.000	0.000	0.000	0.000	0.000
282.000	0.150	1.085	0.981	0.842	1.407	0.901	1.280	0.292	0.000	0.000	0.000	0.000	0.000	0.000	0.000	0.000	0.000	0.000	0.000	0.000	0.000	0.000	0.000	0.000	0.000	0.000
283.000	0.150	1.086	0.980	0.841	1.405	0.902	1.279	0.289	0.000	0.000	0.000	0.000	0.000	0.000	0.000	0.000	0.000	0.000	0.000	0.000	0.000	0.000	0.000	0.000	0.000	0.000
284.000	0.151	1.083	0.979	0.841	1.406	0.900	1.278	0.289	0.000	0.000	0.000	0.000	0.000	0.000	0.000	0.000	0.000	0.000	0.000	0.000	0.000	0.000	0.000	0.000	0.000	0.000
285.000	0.154	1.085	0.979	0.843	1.407	0.899	1.281	0.289	0.000	0.000	0.000	0.000	0.000	0.000	0.000	0.000	0.000	0.000	0.000	0.000	0.000	0.000	0.000	0.000	0.000	0.000
286.000	0.153	1.094	0.984	0.848	1.410	0.908	1.288	0.291	0.000	0.000	0.000	0.000	0.000	0.000	0.000	0.000	0.000	0.000	0.000	0.000	0.000	0.000	0.000	0.000	0.000	0.000
287.000	0.155	1.094	0.983	0.847	1.410	0.902	1.288	0.292	0.000	0.000	0.000	0.000	0.000	0.000	0.000	0.000	0.000	0.000	0.000	0.000	0.000	0.000	0.000	0.000	0.000	0.000
288.000	0.153	1.086	0.981	0.842	1.409	0.901	1.283	0.288	0.000	0.000	0.000	0.000	0.000	0.000	0.000	0.000	0.000	0.000	0.000	0.000	0.000	0.000	0.000	0.000	0.000	0.000
289.000	0.154	1.087	0.983	0.843	1.409	0.902	1.283	0.289	0.000	0.000	0.000	0.000	0.000	0.000	0.000	0.000	0.000	0.000	0.000	0.000	0.000	0.000	0.000	0.000	0.000	0.000
290.000	0.152	1.086	0.980	0.844	1.406	0.899	1.283	0.286	0.000	0.000	0.000	0.000	0.000	0.000	0.000	0.000	0.000	0.000	0.000	0.000	0.000	0.000	0.000	0.000	0.000	0.000
291.000	0.152	1.084	0.980	0.840	1.407	0.901	1.279	0.289	0.000	0.000	0.000	0.000	0.000	0.000	0.000	0.000	0.000	0.000	0.000	0.000	0.000	0.000	0.000	0.000	0.000	0.000
292.000	0.154	1.087	0.982	0.842	1.408	0.901	1.282	0.290	0.000	0.000	0.000	0.000	0.000	0.000	0.000	0.000	0.000	0.000	0.000	0.000	0.000	0.000	0.000	0.000	0.000	0.000
293.000	0.151	1.088	0.983	0.844	1.408	0.902	1.284	0.287	0.000	0.000	0.000	0.000	0.000	0.000	0.000	0.000	0.000	0.000	0.000	0.000	0.000	0.000	0.000	0.000	0.000	0.000
294.000	0.151	1.087	0.983	0.843	1.409	0.902	1.284	0.290	0.000	0.000	0.000	0.000	0.000	0.000	0.000	0.000	0.000	0.000	0.000	0.000	0.000	0.000	0.000	0.000	0.000	0.000
295.000	0.153	1.085	0.983	0.840	1.408	0.900	1.279	0.289	0.000	0.000	0.000	0.000	0.000	0.000	0.000	0.000	0.000	0.000	0.000	0.000	0.000	0.000	0.000	0.000	0.000	0.000
296.000	0.154	1.085	0.983	0.843	1.407	0.905	1.282	0.289	0.000	0.000	0.000	0.000	0.000	0.000	0.000	0.000	0.000	0.000	0.000	0.000	0.000	0.000	0.000	0.000	0.000	0.000
297.000	0.154	1.087	0.985	0.843	1.406	0.903	1.282	0.292	0.000	0.000	0.000	0.000	0.000	0.000	0.000	0.000	0.000	0.000	0.000	0.000	0.000	0.000	0.000	0.000	0.000	0.000
298.000	0.157	1.085	0.982	0.842	1.408	0.902	1.281	0.289	0.000	0.000	0.000	0.000	0.000	0.000	0.000	0.000	0.000	0.000	0.000	0.000	0.000	0.000	0.000	0.000	0.000	0.000
299.000	0.155	1.084	0.981	0.841	1.405	0.900	1.282	0.288	0.000	0.000	0.000	0.000	0.000	0.000	0.000	0.000	0.000	0.000	0.000	0.000	0.000	0.000	0.000	0.000	0.000	0.000
300.000	0.153	1.085	0.980	0.842	1.408	0.902	1.280	0.289	0.000	0.000	0.000	0.000	0.000	0.000	0.000	0.000	0.000	0.000	0.000	0.000	0.000	0.000	0.000	0.000	0.000	0.000
301.000	0.151	1.084	0.979	0.840	1.407	0.901	1.279	0.290	0.000	0.000	0.000	0.000	0.000	0.000	0.000	0.000	0.000	0.000	0.000	0.000	0.000	0.000	0.000	0.000	0.000	0.000
302.000	0.153	1.084	0.979	0.840	1.406	0.900	1.280	0.289	0.000	0.000	0.000	0.000	0.000	0.000	0.000	0.000	0.000	0.000	0.000	0.000	0.000	0.000	0.000	0.000	0.000	0.000
303.000	0.154	1.084	0.981	0.839	1.407	0.899	1.280	0.289	0.000	0.000	0.000	0.000	0.000	0.000	0.000	0.000	0.000	0.000	0.000	0.000	0.000	0.000	0.000	0.000	0.000	0.000
304.000	0.157	1.085	0.980	0.840	1.406	0.899	1.281	0.291	0.000	0.000	0.000	0.000	0.000	0.000	0.000	0.000	0.000	0.000	0.000	0.000	0.000	0.000	0.000	0.000	0.000	0.000
305.000	0.155	1.086	0.983	0.842	1.408	0.903	1.283	0.287	0.000	0.000	0.000	0.000	0.000	0.000	0.000	0.000	0.000	0.000	0.000	0.000	0.000	0.000	0.000	0.000	0.000	0.000
306.000	0.152	1.086	0.983	0.842	1.409	0.903	1.282	0.290	0.000	0.000	0.000	0.000	0.000	0.000	0.000	0.000	0.000	0.000	0.000	0.000	0.000	0.000	0.000	0.000	0.000	0.000
307.000	0.153	1.084	0.980	0.840	1.405	0.899	1.277	0.288	0.000	0.000	0.000	0.000	0.000	0.000	0.000	0.000	0.000	0.000	0.000	0.000	0.000	0.000	0.000	0.000	0.000	0.000
308.000	0.155	1.085	0.982	0.843	1.408	0.903	1.280	0.287	0.000	0.000	0.000	0.000	0.000	0.000	0.000	0.000	0.000	0.000	0.000	0.000	0.000	0.000	0.000	0.000	0.000	0.000
309.000	0.155	1.086	0.982	0.842	1.406	0.902	1.280	0.290	0.000	0.000	0.000	0.000	0.000	0.000	0.000	0.000	0.000	0.000	0.000	0.000	0.000	0.000	0.000	0.000	0.000	0.000
310.000	0.154	1.087	0.981	0.842	1.408	0.902	1.281	0.288	0.000	0.000	0.000	0.000	0.000	0.000	0.000	0.000	0.000	0.000	0.000	0.000	0.000	0.000	0.000	0.000	0.000	0.000
311.000	0.154	1.085	0.979	0.839	1.407	0.898	1.279	0.290	0.000	0.000	0.000	0.000	0.000	0.000	0.000	0.000	0.000	0.000	0.000	0.000	0.000	0.000	0.000	0.000	0.000	0.000
312.000	0.152	1.086	0.983	0.842	1.406	0.900	1.279	0.289	0.000	0.000	0.000	0.000	0.000	0.000	0.000	0.000	0.000	0.000	0.000	0.000	0.000	0.000	0.000	0.000	0.000	0.000
313.000	0.156	1.088	0.983	0.841	1.408	0.902	1.283	0.290	0.000	0.000	0.000	0.000	0.000	0.000	0.000	0.000	0.000	0.000	0.000	0.000	0.000	0.000	0.000	0.000	0.000	0.000
314.000	0.155	1.085	0.979	0.840	1.406	0.900	1.279	0.289	0.000	0.000	0.000	0.000	0.000	0.000	0.000	0.000	0.000	0.000	0.000	0.000	0.000	0.000	0.000	0.000	0.000	0.000
315.000	0.153	1.085	0.982	0.841	1.406	0.902	1.282	0.289	0.000	0.000	0.000	0.000	0.000	0.000	0.000	0.000	0.000	0.000	0.000	0.000	0.000	0.000	0.000	0.000	0.000	0.000
316.000	0.156	1.084	0.981	0.841	1.407	0.900	1.281	0.289	0.000	0.000	0.000	0.000	0.000	0.000	0.000	0.000	0.000	0.000	0.000	0.000	0.000	0.000	0.000	0.000	0.000	0.000
317.000	0.155	1.089	0.981	0.843	1.407	0.905	1.284	0.288	0.000	0.000	0.000	0.000	0.000	0.000	0.000	0.000	0.000	0.000	0.000	0.000	0.000	0.000	0.000	0.000	0.000	0.000
318.000	0.157	1.090	0.984	0.844	1.409	0.903	1.287	0.289	0.000	0.000	0.000	0.000	0.000	0.000	0.000	0.000	0.000	0.000	0.000	0.000	0.000	0.000	0.000	0.000	0.000	0.000
319.000	0.155	1.087	0.983	0.845	1.408	0.905	1.284	0.290	0.000	0.000	0.000	0.000	0.000	0.000	0.000	0.000	0.000	0.000	0.000	0.000	0.000	0.000	0.000	0.000	0.000	0.000
320.000	0.157	1.085	0.979	0.842	1.406	0.902	1.280	0.289	0.000	0.000	0.000	0.000	0.000	0.000	0.000	0.000	0.000	0.000	0.000	0.000	0.000	0.000	0.000	0.000	0.000	0.000
321.000	0.153	1.086	0.982	0.843	1.407	0.902	1.283	0.291	0.000	0.000	0.000	0.000	0.000	0.000	0.000	0.000	0.000	0.000	0.000	0.000	0.000	0.000	0.000	0.000	0.000	0.000
322.000	0.156	1.084	0.981	0.840	1.405	0.900	1.279	0.289	0.000	0.000	0.000	0.000	0.000	0.000	0.000	0.000	0.000	0.000	0.000	0.000	0.000	0.000	0.000	0.000	0.000	0.000
323.000	0.157	1.085	0.983	0.843	1.408	0.902	1.282	0.286	0.000	0.000	0.000	0.000	0.000	0.000	0.000	0.000	0.000	0.000	0.000	0.000	0.000	0.000	0.000	0.000	0.000	0.000
324.000	0.155	1.085	0.981	0.841	1.406	0.902	1.278	0.289	0.000	0.000	0.000	0.000	0.000	0.000	0.000	0.000	0.000	0.000	0.000	0.000	0.000	0.000	0.000	0.000	0.000	0.000
325.000	0.156	1.085	0.982	0.842	1.406	0.900	1.283	0.289	0.000	0.000	0.000	0.000	0.000	0.000	0.000	0.000	0.000	0.000	0.000	0.000	0.000	0.000	0.000	0.000	0.000	0.000
326.000	0.158	1.086	0.982	0.842	1.407	0.903	1.282	0.290	0.000	0.000	0.000	0.000	0.000	0.000	0.000	0.000	0.000	0.000	0.000	0.000	0.000	0.000	0.000	0.000	0.000	0.000
327.000	0.154	1.085	0.982	0.841	1.407	0.901	1.280	0.288	0.000	0.000	0.000	0.000	0.000	0.000	0.000	0.000	0.000	0.000	0.000	0.000	0.000	0.000	0.000	0.000	0.000	0.000
328.000	0.155	1.085	0.980	0.840	1.406	0.900	1.281	0.288	0.000	0.000	0.000	0.000	0.000	0.000	0.000	0.000	0.000	0.000	0.000	0.000	0.000	0.000	0.000	0.000	0.000	0.000
329.000	0.160	1.086	0.984	0.841	1.407	0.905	1.285	0.291	0.000	0.000	0.000	0.000	0.000	0.000	0.000	0.000	0.000	0.000	0.000	0.000	0.000	0.000	0.000	0.000	0.000	0.000
330.000	0.156	1.086	0.980	0.840	1.407	0.900	1.283	0.291	0.000	0.000	0.000	0.000	0.000	0.000	0.000	0.000	0.000	0.000	0.000	0.000	0.000	0.000	0.000	0.000	0.000	0.000
331.000	0.158	1.086	0.981	0.842	1.408	0.901	1.281	0.290	0.000	0.000	0.000	0.000	0.000	0.000	0.000	0.000	0.000	0.000	0.000	0.000	0.000	0.000	0.000	0.000	0.000	0.000
332.000	0.157	1.085	0.979	0.841	1.405	0.900	1.282	0.290	0.000	0.000	0.000	0.000	0.000	0.000	0.000	0.000	0.000	0.000	0.000	0.000	0.000	0.000	0.000	0.000	0.000	0.000
333.000	0.158	1.087	0.982	0.843	1.407	0.903	1.283	0.289	0.000	0.000	0.000	0.000	0.000	0.000	0.000	0.000	0.000	0.000	0.000	0.000	0.000	0.000	0.000	0.000	0.000	0.000
334.000	0.155	1.084	0.981	0.841	1.406	0.901	1.279	0.288	0.000	0.000	0.000	0.000	0.000	0.000	0.000	0.000	0.000	0.000	0.000	0.000	0.000	0.000	0.000	0.000	0.000	0.000
335.000	0.160	1.089	0.983	0.843	1.409	0.906	1.284	0.291	0.000	0.000	0.000	0.000	0.000	0.000	0.000	0.000	0.000	0.000	0.000	0.000	0.000	0.000	0.000	0.000	0.000	0.000
336.000	0.159	1.086	0.982	0.843	1.409	0.907	1.285	0.292	0.000	0.000	0.000	0.000	0.000	0.000	0.000	0.000	0.000	0.000	0.000	0.000	0.000	0.000	0.000	0.000	0.000	0.000
337.000	0.157	1.084	0.981	0.840	1.406	0.901	1.278	0.288	0.000	0.000	0.000	0.000	0.000	0.000	0.000	0.000	0.000	0.000	0.000	0.000	0.000	0.000	0.000	0.000	0.000	0.000
338.000	0.158	1.088	0.984	0.842	1.408	0.903	1.283	0.291	0.000	0.000	0.000	0.000	0.000	0.000	0.000	0.000	0.000	0.000	0.000	0.000	0.000	0.000	0.000	0.000	0.000	0.000
339.000	0.156	1.085	0.981	0.840	1.407	0.902	1.280	0.289	0.000	0.000	0.000	0.000	0.000	0.000	0.000	0.000	0.000	0.000	0.000	0.000	0.000	0.000	0.000	0.000	0.000	0.000
340.000	0.160	1.086	0.982	0.842	1.408	0.902	1.282	0.291	0.000	0.000	0.000	0.000	0.000	0.000	0.000	0.000	0.000	0.000	0.000	0.000	0.000	0.000	0.000	0.000	0.000	0.000
341.000	0.160	1.087	0.985	0.843	1.408	0.905	1.284	0.290	0.000	0.000	0.000	0.000	0.000	0.000	0.000	0.000	0.000	0.000	0.000	0.000	0.000	0.000	0.000	0.000	0.000	0.000
342.000	0.159	1.085	0.980	0.841	1.405	0.899	1.280	0.290	0.000	0.000	0.000	0.000	0.000	0.000	0.000	0.000	0.000	0.000	0.000	0.000	0.000	0.000	0.000	0.000	0.000	0.000
343.000	0.157	1.087	0.981	0.843	1.407	0.902	1.282	0.288	0.000	0.000	0.000	0.000	0.000	0.000	0.000	0.000	0.000	0.000	0.000	0.000	0.000	0.000	0.000	0.000	0.000	0.000
344.000	0.157	1.087	0.985	0.844	1.408	0.905	1.283	0.289	0.000	0.000	0.000	0.000	0.000	0.000	0.000	0.000	0.000	0.000	0.000	0.000	0.000	0.000	0.000	0.000	0.000	0.000
345.000	0.158	1.085	0.983	0.845	1.409	0.902	1.283	0.289	0.000	0.000	0.000	0.000	0.000	0.000	0.000	0.000	0.000	0.000	0.000	0.000	0.000	0.000	0.000	0.000	0.000	0.000
346.000	0.157	1.084	0.980	0.840	1.406	0.901	1.281	0.290	0.000	0.000	0.000	0.000	0.000	0.000	0.000	0.000	0.000	0.000	0.000	0.000	0.000	0.000	0.000	0.000	0.000	0.000
347.000	0.157	1.088	0.983	0.842	1.408	0.903	1.283	0.290	0.000	0.000	0.000	0.000	0.000	0.000	0.000	0.000	0.000	0.000	0.000	0.000	0.000	0.000	0.000	0.000	0.000	0.000
348.000	0.158	1.087	0.983	0.842	1.408	0.905	1.282	0.292	0.000	0.000	0.000	0.000	0.000	0.000	0.000	0.000	0.000	0.000	0.000	0.000	0.000	0.000	0.000	0.000	0.000	0.000
349.000	0.157	1.085	0.979	0.841	1.405	0.901	1.279	0.288	0.000	0.000	0.000	0.000	0.000	0.000	0.000	0.000	0.000	0.000	0.000	0.000	0.000	0.000	0.000	0.000	0.000	0.000
350.000	0.158	1.085	0.980	0.840	1.407	0.900	1.279	0.289	0.000	0.000	0.000	0.000	0.000	0.000	0.000	0.000	0.000	0.000	0.000	0.000	0.000	0.000	0.000	0.000	0.000	0.000
351.000	0.161	1.087	0.982	0.844	1.408	0.905	1.284	0.289	0.000	0.000	0.000	0.000	0.000	0.000	0.000	0.000	0.000	0.000	0.000	0.000	0.000	0.000	0.000	0.000	0.000	0.000
352.000	0.159	1.090	0.983	0.843	1.409	0.905	1.284	0.290	0.000	0.000	0.000	0.000	0.000	0.000	0.000	0.000	0.000	0.000	0.000	0.000	0.000	0.000	0.000	0.000	0.000	0.000
353.000	0.160	1.088	0.985	0.842	1.406	0.902	1.282	0.290	0.000	0.000	0.000	0.000	0.000	0.000	0.000	0.000	0.000	0.000	0.000	0.000	0.000	0.000	0.000	0.000	0.000	0.000
354.000	0.158	1.085	0.981	0.840	1.406	0.901	1.280	0.291	0.000	0.000	0.000	0.000	0.000	0.000	0.000	0.000	0.000	0.000	0.000	0.000	0.000	0.000	0.000	0.000	0.000	0.000
355.000	0.158	1.084	0.979	0.840	1.405	0.900	1.279	0.287	0.000	0.000	0.000	0.000	0.000	0.000	0.000	0.000	0.000	0.000	0.000	0.000	0.000	0.000	0.000	0.000	0.000	0.000
356.000	0.158	1.086	0.979	0.840	1.404	0.902	1.280	0.287	0.000	0.000	0.000	0.000	0.000	0.000	0.000	0.000	0.000	0.000	0.000	0.000	0.000	0.000	0.000	0.000	0.000	0.000
357.000	0.160	1.089	0.985	0.843	1.408	0.905	1.286	0.291	0.000	0.000	0.000	0.000	0.000	0.000	0.000	0.000	0.000	0.000	0.000	0.000	0.000	0.000	0.000	0.000	0.000	0.000
358.000	0.161	1.097	0.985	0.847	1.410	0.906	1.288	0.291	0.000	0.000	0.000	0.000	0.000	0.000	0.000	0.000	0.000	0.000	0.000	0.000	0.000	0.000	0.000	0.000	0.000	0.000
359.000	0.158	1.093	0.984	0.844	1.408	0.903	1.286	0.290	0.000	0.000	0.000	0.000	0.000	0.000	0.000	0.000	0.000	0.000	0.000	0.000	0.000	0.000	0.000	0.000	0.000	0.000
360.000	0.160	1.094	0.985	0.843	1.408	0.906	1.287	0.293	0.000	0.000	0.000	0.000	0.000	0.000	0.000	0.000	0.000	0.000	0.000	0.000	0.000	0.000	0.000	0.000	0.000	0.000
361.000	0.160	1.095	0.986	0.847	1.408	0.907	1.288	0.291	0.000	0.000	0.000	0.000	0.000	0.000	0.000	0.000	0.000	0.000	0.000	0.000	0.000	0.000	0.000	0.000	0.000	0.000
362.000	0.159	1.095	0.983	0.844	1.407	0.901	1.287	0.292	0.000	0.000	0.000	0.000	0.000	0.000	0.000	0.000	0.000	0.000	0.000	0.000	0.000	0.000	0.000	0.000	0.000	0.000
363.000	0.160	1.094	0.986	0.848	1.409	0.903	1.287	0.291	0.000	0.000	0.000	0.000	0.000	0.000	0.000	0.000	0.000	0.000	0.000	0.000	0.000	0.000	0.000	0.000	0.000	0.000
364.000	0.158	1.096	0.987	0.847	1.409	0.909	1.288	0.290	0.000	0.000	0.000	0.000	0.000	0.000	0.000	0.000	0.000	0.000	0.000	0.000	0.000	0.000	0.000	0.000	0.000	0.000
365.000	0.158	1.094	0.986	0.845	1.407	0.903	1.288	0.291	0.000	0.000	0.000	0.000	0.000	0.000	0.000	0.000	0.000	0.000	0.000	0.000	0.000	0.000	0.000	0.000	0.000	0.000
366.000	0.163	1.098	0.986	0.850	1.410	0.908	1.290	0.292	0.000	0.000	0.000	0.000	0.000	0.000	0.000	0.000	0.000	0.000	0.000	0.000	0.000	0.000	0.000	0.000	0.000	0.000
367.000	0.160	1.096	0.987	0.847	1.407	0.906	1.289	0.291	0.000	0.000	0.000	0.000	0.000	0.000	0.000	0.000	0.000	0.000	0.000	0.000	0.000	0.000	0.000	0.000	0.000	0.000
368.000	0.162	1.098	0.989	0.850	1.409	0.909	1.289	0.293	0.000	0.000	0.000	0.000	0.000	0.000	0.000	0.000	0.000	0.000	0.000	0.000	0.000	0.000	0.000	0.000	0.000	0.000
369.000	0.159	1.100	0.987	0.848	1.409	0.908	1.290	0.292	0.000	0.000	0.000	0.000	0.000	0.000	0.000	0.000	0.000	0.000	0.000	0.000	0.000	0.000	0.000	0.000	0.000	0.000
370.000	0.162	1.095	0.989	0.849	1.408	0.906	1.288	0.292	0.000	0.000	0.000	0.000	0.000	0.000	0.000	0.000	0.000	0.000	0.000	0.000	0.000	0.000	0.000	0.000	0.000	0.000
371.000	0.162	1.093	0.985	0.847	1.406	0.902	1.287	0.293	0.000	0.000	0.000	0.000	0.000	0.000	0.000	0.000	0.000	0.000	0.000	0.000	0.000	0.000	0.000	0.000	0.000	0.000
372.000	0.161	1.095	0.986	0.846	1.407	0.908	1.289	0.291	0.000	0.000	0.000	0.000	0.000	0.000	0.000	0.000	0.000	0.000	0.000	0.000	0.000	0.000	0.000	0.000	0.000	0.000
373.000	0.161	1.096	0.985	0.847	1.407	0.906	1.289	0.290	0.000	0.000	0.000	0.000	0.000	0.000	0.000	0.000	0.000	0.000	0.000	0.000	0.000	0.000	0.000	0.000	0.000	0.000
374.000	0.162	1.096	0.986	0.847	1.407	0.903	1.289	0.293	0.000	0.000	0.000	0.000	0.000	0.000	0.000	0.000	0.000	0.000	0.000	0.000	0.000	0.000	0.000	0.000	0.000	0.000
375.000	0.164	1.094	0.985	0.845	1.408	0.903	1.289	0.293	0.000	0.000	0.000	0.000	0.000	0.000	0.000	0.000	0.000	0.000	0.000	0.000	0.000	0.000	0.000	0.000	0.000	0.000
376.000	0.161	1.096	0.987	0.848	1.409	0.906	1.288	0.291	0.000	0.000	0.000	0.000	0.000	0.000	0.000	0.000	0.000	0.000	0.000	0.000	0.000	0.000	0.000	0.000	0.000	0.000
377.000	0.164	1.093	0.985	0.844	1.405	0.903	1.288	0.292	0.000	0.000	0.000	0.000	0.000	0.000	0.000	0.000	0.000	0.000	0.000	0.000	0.000	0.000	0.000	0.000	0.000	0.000
378.000	0.161	1.095	0.986	0.846	1.409	0.906	1.288	0.294	0.000	0.000	0.000	0.000	0.000	0.000	0.000	0.000	0.000	0.000	0.000	0.000	0.000	0.000	0.000	0.000	0.000	0.000
379.000	0.162	1.097	0.988	0.847	1.408	0.908	1.290	0.293	0.000	0.000	0.000	0.000	0.000	0.000	0.000	0.000	0.000	0.000	0.000	0.000	0.000	0.000	0.000	0.000	0.000	0.000
380.000	0.163	1.097	0.987	0.852	1.410	0.908	1.289	0.293	0.000	0.000	0.000	0.000	0.000	0.000	0.000	0.000	0.000	0.000	0.000	0.000	0.000	0.000	0.000	0.000	0.000	0.000
381.000	0.161	1.094	0.987	0.846	1.408	0.903	1.288	0.292	0.000	0.000	0.000	0.000	0.000	0.000	0.000	0.000	0.000	0.000	0.000	0.000	0.000	0.000	0.000	0.000	0.000	0.000
382.000	0.164	1.098	0.987	0.848	1.410	0.907	1.288	0.293	0.000	0.000	0.000	0.000	0.000	0.000	0.000	0.000	0.000	0.000	0.000	0.000	0.000	0.000	0.000	0.000	0.000	0.000
383.000	0.164	1.096	0.986	0.846	1.407	0.906	1.289	0.294	0.000	0.000	0.000	0.000	0.000	0.000	0.000	0.000	0.000	0.000	0.000	0.000	0.000	0.000	0.000	0.000	0.000	0.000
384.000	0.163	1.099	0.989	0.849	1.408	0.908	1.288	0.292	0.000	0.000	0.000	0.000	0.000	0.000	0.000	0.000	0.000	0.000	0.000	0.000	0.000	0.000	0.000	0.000	0.000	0.000
385.000	0.161	1.096	0.986	0.848	1.407	0.908	1.288	0.291	0.000	0.000	0.000	0.000	0.000	0.000	0.000	0.000	0.000	0.000	0.000	0.000	0.000	0.000	0.000	0.000	0.000	0.000
386.000	0.164	1.094	0.984	0.847	1.408	0.903	1.288	0.291	0.000	0.000	0.000	0.000	0.000	0.000	0.000	0.000	0.000	0.000	0.000	0.000	0.000	0.000	0.000	0.000	0.000	0.000
387.000	0.162	1.096	0.986	0.846	1.407	0.906	1.289	0.293	0.000	0.000	0.000	0.000	0.000	0.000	0.000	0.000	0.000	0.000	0.000	0.000	0.000	0.000	0.000	0.000	0.000	0.000
388.000	0.160	1.096	0.989	0.847	1.407	0.907	1.287	0.293	0.000	0.000	0.000	0.000	0.000	0.000	0.000	0.000	0.000	0.000	0.000	0.000	0.000	0.000	0.000	0.000	0.000	0.000
389.000	0.165	1.097	0.987	0.848	1.407	0.905	1.289	0.292	0.000	0.000	0.000	0.000	0.000	0.000	0.000	0.000	0.000	0.000	0.000	0.000	0.000	0.000	0.000	0.000	0.000	0.000
390.000	0.162	1.095	0.987	0.846	1.406	0.905	1.289	0.291	0.000	0.000	0.000	0.000	0.000	0.000	0.000	0.000	0.000	0.000	0.000	0.000	0.000	0.000	0.000	0.000	0.000	0.000
391.000	0.165	1.094	0.985	0.846	1.407	0.903	1.287	0.293	0.000	0.000	0.000	0.000	0.000	0.000	0.000	0.000	0.000	0.000	0.000	0.000	0.000	0.000	0.000	0.000	0.000	0.000
392.000	0.164	1.098	0.989	0.848	1.408	0.906	1.289	0.293	0.000	0.000	0.000	0.000	0.000	0.000	0.000	0.000	0.000	0.000	0.000	0.000	0.000	0.000	0.000	0.000	0.000	0.000
393.000	0.165	1.098	0.984	0.846	1.406	0.908	1.288	0.293	0.000	0.000	0.000	0.000	0.000	0.000	0.000	0.000	0.000	0.000	0.000	0.000	0.000	0.000	0.000	0.000	0.000	0.000
394.000	0.165	1.101	0.990	0.848	1.408	0.908	1.292	0.294	0.000	0.000	0.000	0.000	0.000	0.000	0.000	0.000	0.000	0.000	0.000	0.000	0.000	0.000	0.000	0.000	0.000	0.000
395.000	0.163	1.099	0.989	0.847	1.408	0.906	1.289	0.292	0.000	0.000	0.000	0.000	0.000	0.000	0.000	0.000	0.000	0.000	0.000	0.000	0.000	0.000	0.000	0.000	0.000	0.000
396.000	0.163	1.096	0.987	0.847	1.407	0.906	1.289	0.291	0.000	0.000	0.000	0.000	0.000	0.000	0.000	0.000	0.000	0.000	0.000	0.000	0.000	0.000	0.000	0.000	0.000	0.000
