1.000	0.121	1.202	0.502	0.878	1.404	0.867	1.177	0.589	0.000	0.000	0.000	0.000	0.000	0.000	0.000	0.000	0.000	0.000	0.000	0.000	0.000	0.000	0.000	0.000	0.000	0.000
2.000	0.124	1.184	0.530	0.871	1.405	0.858	1.168	0.584	0.000	0.000	0.000	0.000	0.000	0.000	0.000	0.000	0.000	0.000	0.000	0.000	0.000	0.000	0.000	0.000	0.000	0.000
3.000	0.137	1.183	0.556	0.866	1.401	0.852	1.162	0.581	0.000	0.000	0.000	0.000	0.000	0.000	0.000	0.000	0.000	0.000	0.000	0.000	0.000	0.000	0.000	0.000	0.000	0.000
4.000	0.141	1.183	0.558	0.863	1.397	0.853	1.158	0.579	0.000	0.000	0.000	0.000	0.000	0.000	0.000	0.000	0.000	0.000	0.000	0.000	0.000	0.000	0.000	0.000	0.000	0.000
5.000	0.144	1.172	0.587	0.863	1.394	0.846	1.157	0.578	0.000	0.000	0.000	0.000	0.000	0.000	0.000	0.000	0.000	0.000	0.000	0.000	0.000	0.000	0.000	0.000	0.000	0.000
6.000	0.141	1.163	0.607	0.849	1.383	0.841	1.143	0.571	0.000	0.000	0.000	0.000	0.000	0.000	0.000	0.000	0.000	0.000	0.000	0.000	0.000	0.000	0.000	0.000	0.000	0.000
7.000	0.142	1.158	0.633	0.845	1.367	0.830	1.130	0.566	0.000	0.000	0.000	0.000	0.000	0.000	0.000	0.000	0.000	0.000	0.000	0.000	0.000	0.000	0.000	0.000	0.000	0.000
8.000	0.138	1.153	0.609	0.845	1.366	0.830	1.127	0.563	0.000	0.000	0.000	0.000	0.000	0.000	0.000	0.000	0.000	0.000	0.000	0.000	0.000	0.000	0.000	0.000	0.000	0.000
9.000	0.140	1.158	0.634	0.853	1.374	0.841	1.139	0.565	0.000	0.000	0.000	0.000	0.000	0.000	0.000	0.000	0.000	0.000	0.000	0.000	0.000	0.000	0.000	0.000	0.000	0.000
10.000	0.140	1.164	0.653	0.854	1.377	0.839	1.141	0.569	0.000	0.000	0.000	0.000	0.000	0.000	0.000	0.000	0.000	0.000	0.000	0.000	0.000	0.000	0.000	0.000	0.000	0.000
11.000	0.138	1.151	0.665	0.849	1.373	0.842	1.137	0.569	0.000	0.000	0.000	0.000	0.000	0.000	0.000	0.000	0.000	0.000	0.000	0.000	0.000	0.000	0.000	0.000	0.000	0.000
12.000	0.142	1.157	0.668	0.848	1.373	0.841	1.135	0.566	0.000	0.000	0.000	0.000	0.000	0.000	0.000	0.000	0.000	0.000	0.000	0.000	0.000	0.000	0.000	0.000	0.000	0.000
13.000	0.139	1.155	0.676	0.847	1.370	0.840	1.131	0.568	0.000	0.000	0.000	0.000	0.000	0.000	0.000	0.000	0.000	0.000	0.000	0.000	0.000	0.000	0.000	0.000	0.000	0.000
14.000	0.141	1.151	0.685	0.848	1.368	0.839	1.128	0.565	0.000	0.000	0.000	0.000	0.000	0.000	0.000	0.000	0.000	0.000	0.000	0.000	0.000	0.000	0.000	0.000	0.000	0.000
15.000	0.137	1.152	0.694	0.846	1.365	0.839	1.126	0.564	0.000	0.000	0.000	0.000	0.000	0.000	0.000	0.000	0.000	0.000	0.000	0.000	0.000	0.000	0.000	0.000	0.000	0.000
16.000	0.140	1.142	0.695	0.839	1.358	0.832	1.123	0.558	0.000	0.000	0.000	0.000	0.000	0.000	0.000	0.000	0.000	0.000	0.000	0.000	0.000	0.000	0.000	0.000	0.000	0.000
17.000	0.139	1.156	0.529	0.849	1.373	0.839	1.135	0.569	0.000	0.000	0.000	0.000	0.000	0.000	0.000	0.000	0.000	0.000	0.000	0.000	0.000	0.000	0.000	0.000	0.000	0.000
18.000	0.140	1.155	0.542	0.850	1.375	0.841	1.140	0.569	0.000	0.000	0.000	0.000	0.000	0.000	0.000	0.000	0.000	0.000	0.000	0.000	0.000	0.000	0.000	0.000	0.000	0.000
19.000	0.140	1.154	0.501	0.848	1.374	0.840	1.135	0.568	0.000	0.000	0.000	0.000	0.000	0.000	0.000	0.000	0.000	0.000	0.000	0.000	0.000	0.000	0.000	0.000	0.000	0.000
20.000	0.144	1.154	0.503	0.850	1.377	0.842	1.137	0.570	0.000	0.000	0.000	0.000	0.000	0.000	0.000	0.000	0.000	0.000	0.000	0.000	0.000	0.000	0.000	0.000	0.000	0.000
21.000	0.140	1.154	0.505	0.849	1.375	0.846	1.138	0.569	0.000	0.000	0.000	0.000	0.000	0.000	0.000	0.000	0.000	0.000	0.000	0.000	0.000	0.000	0.000	0.000	0.000	0.000
22.000	0.139	1.156	0.508	0.850	1.374	0.846	1.137	0.568	0.000	0.000	0.000	0.000	0.000	0.000	0.000	0.000	0.000	0.000	0.000	0.000	0.000	0.000	0.000	0.000	0.000	0.000
23.000	0.142	1.154	0.410	0.852	1.373	0.844	1.138	0.568	0.000	0.000	0.000	0.000	0.000	0.000	0.000	0.000	0.000	0.000	0.000	0.000	0.000	0.000	0.000	0.000	0.000	0.000
24.000	0.140	1.153	0.406	0.848	1.373	0.843	1.136	0.568	0.000	0.000	0.000	0.000	0.000	0.000	0.000	0.000	0.000	0.000	0.000	0.000	0.000	0.000	0.000	0.000	0.000	0.000
25.000	0.142	1.151	0.407	0.852	1.373	0.848	1.136	0.567	0.000	0.000	0.000	0.000	0.000	0.000	0.000	0.000	0.000	0.000	0.000	0.000	0.000	0.000	0.000	0.000	0.000	0.000
26.000	0.138	1.155	0.402	0.848	1.370	0.845	1.133	0.568	0.000	0.000	0.000	0.000	0.000	0.000	0.000	0.000	0.000	0.000	0.000	0.000	0.000	0.000	0.000	0.000	0.000	0.000
27.000	0.142	1.147	0.359	0.848	1.369	0.845	1.132	0.569	0.000	0.000	0.000	0.000	0.000	0.000	0.000	0.000	0.000	0.000	0.000	0.000	0.000	0.000	0.000	0.000	0.000	0.000
28.000	0.139	1.153	0.361	0.849	1.374	0.845	1.133	0.568	0.000	0.000	0.000	0.000	0.000	0.000	0.000	0.000	0.000	0.000	0.000	0.000	0.000	0.000	0.000	0.000	0.000	0.000
29.000	0.142	1.148	0.360	0.849	1.369	0.843	1.131	0.568	0.000	0.000	0.000	0.000	0.000	0.000	0.000	0.000	0.000	0.000	0.000	0.000	0.000	0.000	0.000	0.000	0.000	0.000
30.000	0.140	1.148	0.362	0.846	1.369	0.844	1.132	0.568	0.000	0.000	0.000	0.000	0.000	0.000	0.000	0.000	0.000	0.000	0.000	0.000	0.000	0.000	0.000	0.000	0.000	0.000
31.000	0.141	1.147	0.361	0.848	1.371	0.843	1.132	0.567	0.000	0.000	0.000	0.000	0.000	0.000	0.000	0.000	0.000	0.000	0.000	0.000	0.000	0.000	0.000	0.000	0.000	0.000
32.000	0.138	1.147	0.363	0.846	1.369	0.841	1.130	0.566	0.000	0.000	0.000	0.000	0.000	0.000	0.000	0.000	0.000	0.000	0.000	0.000	0.000	0.000	0.000	0.000	0.000	0.000
33.000	0.144	1.150	0.366	0.848	1.369	0.843	1.130	0.566	0.000	0.000	0.000	0.000	0.000	0.000	0.000	0.000	0.000	0.000	0.000	0.000	0.000	0.000	0.000	0.000	0.000	0.000
34.000	0.142	1.150	0.366	0.845	1.369	0.844	1.131	0.570	0.000	0.000	0.000	0.000	0.000	0.000	0.000	0.000	0.000	0.000	0.000	0.000	0.000	0.000	0.000	0.000	0.000	0.000
35.000	0.139	1.154	0.366	0.846	1.373	0.844	1.132	0.566	0.000	0.000	0.000	0.000	0.000	0.000	0.000	0.000	0.000	0.000	0.000	0.000	0.000	0.000	0.000	0.000	0.000	0.000
36.000	0.140	1.145	0.361	0.845	1.367	0.841	1.129	0.565	0.000	0.000	0.000	0.000	0.000	0.000	0.000	0.000	0.000	0.000	0.000	0.000	0.000	0.000	0.000	0.000	0.000	0.000
37.000	0.139	1.149	0.364	0.847	1.369	0.843	1.128	0.566	0.000	0.000	0.000	0.000	0.000	0.000	0.000	0.000	0.000	0.000	0.000	0.000	0.000	0.000	0.000	0.000	0.000	0.000
38.000	0.140	1.146	0.365	0.847	1.368	0.841	1.128	0.564	0.000	0.000	0.000	0.000	0.000	0.000	0.000	0.000	0.000	0.000	0.000	0.000	0.000	0.000	0.000	0.000	0.000	0.000
39.000	0.139	1.149	0.367	0.847	1.370	0.842	1.131	0.566	0.000	0.000	0.000	0.000	0.000	0.000	0.000	0.000	0.000	0.000	0.000	0.000	0.000	0.000	0.000	0.000	0.000	0.000
40.000	0.144	1.147	0.365	0.844	1.369	0.841	1.127	0.565	0.000	0.000	0.000	0.000	0.000	0.000	0.000	0.000	0.000	0.000	0.000	0.000	0.000	0.000	0.000	0.000	0.000	0.000
41.000	0.141	1.144	0.364	0.844	1.365	0.841	1.126	0.566	0.000	0.000	0.000	0.000	0.000	0.000	0.000	0.000	0.000	0.000	0.000	0.000	0.000	0.000	0.000	0.000	0.000	0.000
42.000	0.140	1.146	0.369	0.846	1.367	0.840	1.128	0.563	0.000	0.000	0.000	0.000	0.000	0.000	0.000	0.000	0.000	0.000	0.000	0.000	0.000	0.000	0.000	0.000	0.000	0.000
43.000	0.143	1.143	0.364	0.844	1.365	0.842	1.127	0.564	0.000	0.000	0.000	0.000	0.000	0.000	0.000	0.000	0.000	0.000	0.000	0.000	0.000	0.000	0.000	0.000	0.000	0.000
44.000	0.141	1.145	0.343	0.844	1.368	0.840	1.129	0.565	0.000	0.000	0.000	0.000	0.000	0.000	0.000	0.000	0.000	0.000	0.000	0.000	0.000	0.000	0.000	0.000	0.000	0.000
45.000	0.140	1.144	0.345	0.843	1.366	0.840	1.129	0.564	0.000	0.000	0.000	0.000	0.000	0.000	0.000	0.000	0.000	0.000	0.000	0.000	0.000	0.000	0.000	0.000	0.000	0.000
46.000	0.141	1.147	0.344	0.846	1.367	0.843	1.128	0.565	0.000	0.000	0.000	0.000	0.000	0.000	0.000	0.000	0.000	0.000	0.000	0.000	0.000	0.000	0.000	0.000	0.000	0.000
47.000	0.141	1.144	0.342	0.845	1.368	0.842	1.128	0.564	0.000	0.000	0.000	0.000	0.000	0.000	0.000	0.000	0.000	0.000	0.000	0.000	0.000	0.000	0.000	0.000	0.000	0.000
48.000	0.141	1.145	0.341	0.845	1.365	0.842	1.128	0.564	0.000	0.000	0.000	0.000	0.000	0.000	0.000	0.000	0.000	0.000	0.000	0.000	0.000	0.000	0.000	0.000	0.000	0.000
49.000	0.141	1.145	0.318	0.845	1.366	0.840	1.128	0.566	0.000	0.000	0.000	0.000	0.000	0.000	0.000	0.000	0.000	0.000	0.000	0.000	0.000	0.000	0.000	0.000	0.000	0.000
50.000	0.140	1.143	0.319	0.843	1.365	0.841	1.126	0.565	0.000	0.000	0.000	0.000	0.000	0.000	0.000	0.000	0.000	0.000	0.000	0.000	0.000	0.000	0.000	0.000	0.000	0.000
51.000	0.140	1.145	0.320	0.844	1.365	0.841	1.128	0.567	0.000	0.000	0.000	0.000	0.000	0.000	0.000	0.000	0.000	0.000	0.000	0.000	0.000	0.000	0.000	0.000	0.000	0.000
52.000	0.141	1.144	0.321	0.843	1.364	0.841	1.127	0.562	0.000	0.000	0.000	0.000	0.000	0.000	0.000	0.000	0.000	0.000	0.000	0.000	0.000	0.000	0.000	0.000	0.000	0.000
53.000	0.141	1.144	0.319	0.844	1.366	0.841	1.130	0.565	0.000	0.000	0.000	0.000	0.000	0.000	0.000	0.000	0.000	0.000	0.000	0.000	0.000	0.000	0.000	0.000	0.000	0.000
54.000	0.139	1.142	0.315	0.842	1.362	0.840	1.125	0.562	0.000	0.000	0.000	0.000	0.000	0.000	0.000	0.000	0.000	0.000	0.000	0.000	0.000	0.000	0.000	0.000	0.000	0.000
55.000	0.140	1.145	0.319	0.844	1.364	0.841	1.129	0.564	0.000	0.000	0.000	0.000	0.000	0.000	0.000	0.000	0.000	0.000	0.000	0.000	0.000	0.000	0.000	0.000	0.000	0.000
56.000	0.143	1.142	0.319	0.843	1.364	0.841	1.126	0.562	0.000	0.000	0.000	0.000	0.000	0.000	0.000	0.000	0.000	0.000	0.000	0.000	0.000	0.000	0.000	0.000	0.000	0.000
57.000	0.140	1.145	0.320	0.842	1.364	0.840	1.127	0.562	0.000	0.000	0.000	0.000	0.000	0.000	0.000	0.000	0.000	0.000	0.000	0.000	0.000	0.000	0.000	0.000	0.000	0.000
58.000	0.141	1.140	0.319	0.842	1.363	0.840	1.125	0.564	0.000	0.000	0.000	0.000	0.000	0.000	0.000	0.000	0.000	0.000	0.000	0.000	0.000	0.000	0.000	0.000	0.000	0.000
59.000	0.142	1.143	0.320	0.845	1.363	0.840	1.127	0.564	0.000	0.000	0.000	0.000	0.000	0.000	0.000	0.000	0.000	0.000	0.000	0.000	0.000	0.000	0.000	0.000	0.000	0.000
60.000	0.140	1.142	0.316	0.840	1.362	0.840	1.125	0.565	0.000	0.000	0.000	0.000	0.000	0.000	0.000	0.000	0.000	0.000	0.000	0.000	0.000	0.000	0.000	0.000	0.000	0.000
61.000	0.142	1.137	0.314	0.842	1.360	0.840	1.125	0.562	0.000	0.000	0.000	0.000	0.000	0.000	0.000	0.000	0.000	0.000	0.000	0.000	0.000	0.000	0.000	0.000	0.000	0.000
62.000	0.145	1.138	0.317	0.839	1.362	0.840	1.125	0.562	0.000	0.000	0.000	0.000	0.000	0.000	0.000	0.000	0.000	0.000	0.000	0.000	0.000	0.000	0.000	0.000	0.000	0.000
63.000	0.140	1.136	0.316	0.839	1.360	0.840	1.125	0.561	0.000	0.000	0.000	0.000	0.000	0.000	0.000	0.000	0.000	0.000	0.000	0.000	0.000	0.000	0.000	0.000	0.000	0.000
64.000	0.140	1.136	0.317	0.839	1.359	0.837	1.125	0.560	0.000	0.000	0.000	0.000	0.000	0.000	0.000	0.000	0.000	0.000	0.000	0.000	0.000	0.000	0.000	0.000	0.000	0.000
65.000	0.142	1.137	0.320	0.839	1.360	0.839	1.125	0.561	0.000	0.000	0.000	0.000	0.000	0.000	0.000	0.000	0.000	0.000	0.000	0.000	0.000	0.000	0.000	0.000	0.000	0.000
66.000	0.136	1.136	0.315	0.839	1.359	0.837	1.125	0.560	0.000	0.000	0.000	0.000	0.000	0.000	0.000	0.000	0.000	0.000	0.000	0.000	0.000	0.000	0.000	0.000	0.000	0.000
67.000	0.139	1.129	0.314	0.839	1.359	0.836	1.124	0.560	0.000	0.000	0.000	0.000	0.000	0.000	0.000	0.000	0.000	0.000	0.000	0.000	0.000	0.000	0.000	0.000	0.000	0.000
68.000	0.140	1.135	0.316	0.839	1.356	0.837	1.123	0.560	0.000	0.000	0.000	0.000	0.000	0.000	0.000	0.000	0.000	0.000	0.000	0.000	0.000	0.000	0.000	0.000	0.000	0.000
69.000	0.140	1.129	0.316	0.838	1.356	0.836	1.123	0.559	0.000	0.000	0.000	0.000	0.000	0.000	0.000	0.000	0.000	0.000	0.000	0.000	0.000	0.000	0.000	0.000	0.000	0.000
70.000	0.142	1.130	0.316	0.838	1.355	0.834	1.120	0.558	0.000	0.000	0.000	0.000	0.000	0.000	0.000	0.000	0.000	0.000	0.000	0.000	0.000	0.000	0.000	0.000	0.000	0.000
71.000	0.139	1.130	0.317	0.839	1.355	0.835	1.124	0.557	0.000	0.000	0.000	0.000	0.000	0.000	0.000	0.000	0.000	0.000	0.000	0.000	0.000	0.000	0.000	0.000	0.000	0.000
72.000	0.140	1.132	0.317	0.839	1.354	0.835	1.122	0.558	0.000	0.000	0.000	0.000	0.000	0.000	0.000	0.000	0.000	0.000	0.000	0.000	0.000	0.000	0.000	0.000	0.000	0.000
73.000	0.139	1.128	0.314	0.834	1.350	0.832	1.119	0.557	0.000	0.000	0.000	0.000	0.000	0.000	0.000	0.000	0.000	0.000	0.000	0.000	0.000	0.000	0.000	0.000	0.000	0.000
74.000	0.138	1.126	0.317	0.836	1.350	0.831	1.119	0.557	0.000	0.000	0.000	0.000	0.000	0.000	0.000	0.000	0.000	0.000	0.000	0.000	0.000	0.000	0.000	0.000	0.000	0.000
75.000	0.137	1.125	0.317	0.836	1.350	0.833	1.119	0.556	0.000	0.000	0.000	0.000	0.000	0.000	0.000	0.000	0.000	0.000	0.000	0.000	0.000	0.000	0.000	0.000	0.000	0.000
76.000	0.138	1.125	0.309	0.835	1.349	0.833	1.115	0.557	0.000	0.000	0.000	0.000	0.000	0.000	0.000	0.000	0.000	0.000	0.000	0.000	0.000	0.000	0.000	0.000	0.000	0.000
77.000	0.138	1.123	0.311	0.832	1.341	0.828	1.110	0.553	0.000	0.000	0.000	0.000	0.000	0.000	0.000	0.000	0.000	0.000	0.000	0.000	0.000	0.000	0.000	0.000	0.000	0.000
78.000	0.138	1.125	0.314	0.837	1.346	0.831	1.117	0.552	0.000	0.000	0.000	0.000	0.000	0.000	0.000	0.000	0.000	0.000	0.000	0.000	0.000	0.000	0.000	0.000	0.000	0.000
79.000	0.137	1.125	0.312	0.834	1.345	0.831	1.115	0.556	0.000	0.000	0.000	0.000	0.000	0.000	0.000	0.000	0.000	0.000	0.000	0.000	0.000	0.000	0.000	0.000	0.000	0.000
80.000	0.141	1.115	0.310	0.828	1.332	0.824	1.102	0.548	0.000	0.000	0.000	0.000	0.000	0.000	0.000	0.000	0.000	0.000	0.000	0.000	0.000	0.000	0.000	0.000	0.000	0.000
81.000	0.140	1.125	0.313	0.836	1.350	0.831	1.115	0.554	0.000	0.000	0.000	0.000	0.000	0.000	0.000	0.000	0.000	0.000	0.000	0.000	0.000	0.000	0.000	0.000	0.000	0.000
82.000	0.139	1.125	0.312	0.836	1.345	0.830	1.115	0.554	0.000	0.000	0.000	0.000	0.000	0.000	0.000	0.000	0.000	0.000	0.000	0.000	0.000	0.000	0.000	0.000	0.000	0.000
83.000	0.137	1.125	0.317	0.836	1.349	0.832	1.115	0.555	0.000	0.000	0.000	0.000	0.000	0.000	0.000	0.000	0.000	0.000	0.000	0.000	0.000	0.000	0.000	0.000	0.000	0.000
84.000	0.142	1.129	0.317	0.838	1.343	0.833	1.120	0.554	0.000	0.000	0.000	0.000	0.000	0.000	0.000	0.000	0.000	0.000	0.000	0.000	0.000	0.000	0.000	0.000	0.000	0.000
85.000	0.138	1.128	0.314	0.836	1.339	0.831	1.116	0.554	0.000	0.000	0.000	0.000	0.000	0.000	0.000	0.000	0.000	0.000	0.000	0.000	0.000	0.000	0.000	0.000	0.000	0.000
86.000	0.140	1.124	0.311	0.835	1.334	0.828	1.112	0.550	0.000	0.000	0.000	0.000	0.000	0.000	0.000	0.000	0.000	0.000	0.000	0.000	0.000	0.000	0.000	0.000	0.000	0.000
87.000	0.139	1.125	0.313	0.835	1.336	0.829	1.114	0.550	0.000	0.000	0.000	0.000	0.000	0.000	0.000	0.000	0.000	0.000	0.000	0.000	0.000	0.000	0.000	0.000	0.000	0.000
88.000	0.138	1.125	0.312	0.831	1.333	0.827	1.113	0.549	0.000	0.000	0.000	0.000	0.000	0.000	0.000	0.000	0.000	0.000	0.000	0.000	0.000	0.000	0.000	0.000	0.000	0.000
89.000	0.139	1.121	0.310	0.830	1.329	0.824	1.107	0.547	0.000	0.000	0.000	0.000	0.000	0.000	0.000	0.000	0.000	0.000	0.000	0.000	0.000	0.000	0.000	0.000	0.000	0.000
90.000	0.143	1.125	0.316	0.836	1.335	0.828	1.114	0.551	0.000	0.000	0.000	0.000	0.000	0.000	0.000	0.000	0.000	0.000	0.000	0.000	0.000	0.000	0.000	0.000	0.000	0.000
91.000	0.138	1.125	0.311	0.832	1.334	0.826	1.111	0.550	0.000	0.000	0.000	0.000	0.000	0.000	0.000	0.000	0.000	0.000	0.000	0.000	0.000	0.000	0.000	0.000	0.000	0.000
92.000	0.140	1.125	0.313	0.834	1.336	0.828	1.115	0.551	0.000	0.000	0.000	0.000	0.000	0.000	0.000	0.000	0.000	0.000	0.000	0.000	0.000	0.000	0.000	0.000	0.000	0.000
93.000	0.140	1.125	0.313	0.835	1.333	0.829	1.115	0.551	0.000	0.000	0.000	0.000	0.000	0.000	0.000	0.000	0.000	0.000	0.000	0.000	0.000	0.000	0.000	0.000	0.000	0.000
94.000	0.140	1.127	0.314	0.837	1.337	0.830	1.114	0.550	0.000	0.000	0.000	0.000	0.000	0.000	0.000	0.000	0.000	0.000	0.000	0.000	0.000	0.000	0.000	0.000	0.000	0.000
95.000	0.139	1.125	0.312	0.837	1.339	0.830	1.117	0.552	0.000	0.000	0.000	0.000	0.000	0.000	0.000	0.000	0.000	0.000	0.000	0.000	0.000	0.000	0.000	0.000	0.000	0.000
96.000	0.142	1.128	0.315	0.838	1.342	0.829	1.118	0.553	0.000	0.000	0.000	0.000	0.000	0.000	0.000	0.000	0.000	0.000	0.000	0.000	0.000	0.000	0.000	0.000	0.000	0.000
97.000	0.143	1.126	0.313	0.839	1.340	0.832	1.118	0.552	0.000	0.000	0.000	0.000	0.000	0.000	0.000	0.000	0.000	0.000	0.000	0.000	0.000	0.000	0.000	0.000	0.000	0.000
98.000	0.141	1.129	0.316	0.837	1.341	0.831	1.117	0.553	0.000	0.000	0.000	0.000	0.000	0.000	0.000	0.000	0.000	0.000	0.000	0.000	0.000	0.000	0.000	0.000	0.000	0.000
99.000	0.141	1.129	0.315	0.837	1.338	0.831	1.118	0.551	0.000	0.000	0.000	0.000	0.000	0.000	0.000	0.000	0.000	0.000	0.000	0.000	0.000	0.000	0.000	0.000	0.000	0.000
100.000	0.140	1.128	0.313	0.837	1.338	0.830	1.117	0.553	0.000	0.000	0.000	0.000	0.000	0.000	0.000	0.000	0.000	0.000	0.000	0.000	0.000	0.000	0.000	0.000	0.000	0.000
101.000	0.140	1.131	0.317	0.838	1.342	0.833	1.120	0.552	0.000	0.000	0.000	0.000	0.000	0.000	0.000	0.000	0.000	0.000	0.000	0.000	0.000	0.000	0.000	0.000	0.000	0.000
102.000	0.142	1.129	0.313	0.837	1.339	0.831	1.117	0.553	0.000	0.000	0.000	0.000	0.000	0.000	0.000	0.000	0.000	0.000	0.000	0.000	0.000	0.000	0.000	0.000	0.000	0.000
103.000	0.141	1.127	0.316	0.838	1.339	0.831	1.118	0.551	0.000	0.000	0.000	0.000	0.000	0.000	0.000	0.000	0.000	0.000	0.000	0.000	0.000	0.000	0.000	0.000	0.000	0.000
104.000	0.141	1.125	0.313	0.836	1.338	0.828	1.116	0.551	0.000	0.000	0.000	0.000	0.000	0.000	0.000	0.000	0.000	0.000	0.000	0.000	0.000	0.000	0.000	0.000	0.000	0.000
105.000	0.139	1.125	0.311	0.836	1.333	0.827	1.114	0.550	0.000	0.000	0.000	0.000	0.000	0.000	0.000	0.000	0.000	0.000	0.000	0.000	0.000	0.000	0.000	0.000	0.000	0.000
106.000	0.141	1.126	0.313	0.834	1.336	0.827	1.114	0.552	0.000	0.000	0.000	0.000	0.000	0.000	0.000	0.000	0.000	0.000	0.000	0.000	0.000	0.000	0.000	0.000	0.000	0.000
107.000	0.142	1.126	0.316	0.835	1.336	0.829	1.115	0.552	0.000	0.000	0.000	0.000	0.000	0.000	0.000	0.000	0.000	0.000	0.000	0.000	0.000	0.000	0.000	0.000	0.000	0.000
108.000	0.139	1.128	0.316	0.836	1.337	0.829	1.116	0.550	0.000	0.000	0.000	0.000	0.000	0.000	0.000	0.000	0.000	0.000	0.000	0.000	0.000	0.000	0.000	0.000	0.000	0.000
109.000	0.139	1.127	0.314	0.837	1.336	0.830	1.118	0.550	0.000	0.000	0.000	0.000	0.000	0.000	0.000	0.000	0.000	0.000	0.000	0.000	0.000	0.000	0.000	0.000	0.000	0.000
110.000	0.140	1.126	0.316	0.837	1.336	0.828	1.117	0.552	0.000	0.000	0.000	0.000	0.000	0.000	0.000	0.000	0.000	0.000	0.000	0.000	0.000	0.000	0.000	0.000	0.000	0.000
111.000	0.141	1.126	0.317	0.837	1.337	0.829	1.116	0.553	0.000	0.000	0.000	0.000	0.000	0.000	0.000	0.000	0.000	0.000	0.000	0.000	0.000	0.000	0.000	0.000	0.000	0.000
112.000	0.140	1.127	0.318	0.836	1.338	0.830	1.116	0.553	0.000	0.000	0.000	0.000	0.000	0.000	0.000	0.000	0.000	0.000	0.000	0.000	0.000	0.000	0.000	0.000	0.000	0.000
113.000	0.141	1.126	0.314	0.838	1.338	0.828	1.115	0.553	0.000	0.000	0.000	0.000	0.000	0.000	0.000	0.000	0.000	0.000	0.000	0.000	0.000	0.000	0.000	0.000	0.000	0.000
114.000	0.141	1.131	0.317	0.838	1.341	0.830	1.122	0.552	0.000	0.000	0.000	0.000	0.000	0.000	0.000	0.000	0.000	0.000	0.000	0.000	0.000	0.000	0.000	0.000	0.000	0.000
115.000	0.139	1.131	0.316	0.838	1.341	0.830	1.120	0.553	0.000	0.000	0.000	0.000	0.000	0.000	0.000	0.000	0.000	0.000	0.000	0.000	0.000	0.000	0.000	0.000	0.000	0.000
116.000	0.141	1.131	0.316	0.839	1.340	0.834	1.121	0.553	0.000	0.000	0.000	0.000	0.000	0.000	0.000	0.000	0.000	0.000	0.000	0.000	0.000	0.000	0.000	0.000	0.000	0.000
117.000	0.141	1.126	0.315	0.838	1.341	0.831	1.118	0.553	0.000	0.000	0.000	0.000	0.000	0.000	0.000	0.000	0.000	0.000	0.000	0.000	0.000	0.000	0.000	0.000	0.000	0.000
118.000	0.142	1.129	0.317	0.837	1.340	0.830	1.121	0.555	0.000	0.000	0.000	0.000	0.000	0.000	0.000	0.000	0.000	0.000	0.000	0.000	0.000	0.000	0.000	0.000	0.000	0.000
119.000	0.139	1.130	0.316	0.838	1.342	0.831	1.120	0.552	0.000	0.000	0.000	0.000	0.000	0.000	0.000	0.000	0.000	0.000	0.000	0.000	0.000	0.000	0.000	0.000	0.000	0.000
120.000	0.142	1.131	0.320	0.839	1.344	0.832	1.122	0.554	0.000	0.000	0.000	0.000	0.000	0.000	0.000	0.000	0.000	0.000	0.000	0.000	0.000	0.000	0.000	0.000	0.000	0.000
121.000	0.143	1.131	0.316	0.841	1.341	0.832	1.122	0.553	0.000	0.000	0.000	0.000	0.000	0.000	0.000	0.000	0.000	0.000	0.000	0.000	0.000	0.000	0.000	0.000	0.000	0.000
122.000	0.139	1.131	0.316	0.838	1.340	0.831	1.118	0.555	0.000	0.000	0.000	0.000	0.000	0.000	0.000	0.000	0.000	0.000	0.000	0.000	0.000	0.000	0.000	0.000	0.000	0.000
123.000	0.142	1.131	0.315	0.838	1.340	0.831	1.121	0.553	0.000	0.000	0.000	0.000	0.000	0.000	0.000	0.000	0.000	0.000	0.000	0.000	0.000	0.000	0.000	0.000	0.000	0.000
124.000	0.144	1.134	0.317	0.839	1.342	0.832	1.123	0.554	0.000	0.000	0.000	0.000	0.000	0.000	0.000	0.000	0.000	0.000	0.000	0.000	0.000	0.000	0.000	0.000	0.000	0.000
125.000	0.140	1.134	0.320	0.839	1.343	0.833	1.122	0.555	0.000	0.000	0.000	0.000	0.000	0.000	0.000	0.000	0.000	0.000	0.000	0.000	0.000	0.000	0.000	0.000	0.000	0.000
126.000	0.142	1.134	0.319	0.840	1.345	0.833	1.122	0.553	0.000	0.000	0.000	0.000	0.000	0.000	0.000	0.000	0.000	0.000	0.000	0.000	0.000	0.000	0.000	0.000	0.000	0.000
127.000	0.143	1.134	0.319	0.840	1.346	0.832	1.124	0.554	0.000	0.000	0.000	0.000	0.000	0.000	0.000	0.000	0.000	0.000	0.000	0.000	0.000	0.000	0.000	0.000	0.000	0.000
128.000	0.143	1.133	0.319	0.840	1.345	0.835	1.123	0.554	0.000	0.000	0.000	0.000	0.000	0.000	0.000	0.000	0.000	0.000	0.000	0.000	0.000	0.000	0.000	0.000	0.000	0.000
129.000	0.139	1.132	0.313	0.838	1.343	0.831	1.122	0.554	0.000	0.000	0.000	0.000	0.000	0.000	0.000	0.000	0.000	0.000	0.000	0.000	0.000	0.000	0.000	0.000	0.000	0.000
130.000	0.141	1.134	0.317	0.840	1.344	0.832	1.122	0.553	0.000	0.000	0.000	0.000	0.000	0.000	0.000	0.000	0.000	0.000	0.000	0.000	0.000	0.000	0.000	0.000	0.000	0.000
131.000	0.141	1.134	0.320	0.840	1.346	0.833	1.124	0.554	0.000	0.000	0.000	0.000	0.000	0.000	0.000	0.000	0.000	0.000	0.000	0.000	0.000	0.000	0.000	0.000	0.000	0.000
132.000	0.140	1.136	0.320	0.838	1.346	0.835	1.123	0.556	0.000	0.000	0.000	0.000	0.000	0.000	0.000	0.000	0.000	0.000	0.000	0.000	0.000	0.000	0.000	0.000	0.000	0.000
133.000	0.140	1.131	0.316	0.838	1.342	0.831	1.123	0.554	0.000	0.000	0.000	0.000	0.000	0.000	0.000	0.000	0.000	0.000	0.000	0.000	0.000	0.000	0.000	0.000	0.000	0.000
134.000	0.142	1.134	0.317	0.839	1.343	0.832	1.122	0.555	0.000	0.000	0.000	0.000	0.000	0.000	0.000	0.000	0.000	0.000	0.000	0.000	0.000	0.000	0.000	0.000	0.000	0.000
135.000	0.140	1.129	0.315	0.838	1.344	0.832	1.122	0.553	0.000	0.000	0.000	0.000	0.000	0.000	0.000	0.000	0.000	0.000	0.000	0.000	0.000	0.000	0.000	0.000	0.000	0.000
136.000	0.141	1.132	0.319	0.838	1.343	0.832	1.123	0.553	0.000	0.000	0.000	0.000	0.000	0.000	0.000	0.000	0.000	0.000	0.000	0.000	0.000	0.000	0.000	0.000	0.000	0.000
137.000	0.142	1.127	0.316	0.838	1.346	0.832	1.121	0.553	0.000	0.000	0.000	0.000	0.000	0.000	0.000	0.000	0.000	0.000	0.000	0.000	0.000	0.000	0.000	0.000	0.000	0.000
138.000	0.142	1.132	0.318	0.839	1.344	0.834	1.122	0.555	0.000	0.000	0.000	0.000	0.000	0.000	0.000	0.000	0.000	0.000	0.000	0.000	0.000	0.000	0.000	0.000	0.000	0.000
139.000	0.144	1.133	0.320	0.840	1.347	0.833	1.124	0.554	0.000	0.000	0.000	0.000	0.000	0.000	0.000	0.000	0.000	0.000	0.000	0.000	0.000	0.000	0.000	0.000	0.000	0.000
140.000	0.142	1.133	0.320	0.839	1.345	0.832	1.124	0.553	0.000	0.000	0.000	0.000	0.000	0.000	0.000	0.000	0.000	0.000	0.000	0.000	0.000	0.000	0.000	0.000	0.000	0.000
141.000	0.141	1.134	0.319	0.839	1.345	0.833	1.124	0.555	0.000	0.000	0.000	0.000	0.000	0.000	0.000	0.000	0.000	0.000	0.000	0.000	0.000	0.000	0.000	0.000	0.000	0.000
142.000	0.141	1.132	0.318	0.838	1.342	0.832	1.122	0.553	0.000	0.000	0.000	0.000	0.000	0.000	0.000	0.000	0.000	0.000	0.000	0.000	0.000	0.000	0.000	0.000	0.000	0.000
143.000	0.142	1.131	0.315	0.838	1.343	0.831	1.121	0.554	0.000	0.000	0.000	0.000	0.000	0.000	0.000	0.000	0.000	0.000	0.000	0.000	0.000	0.000	0.000	0.000	0.000	0.000
144.000	0.145	1.133	0.319	0.838	1.344	0.833	1.123	0.554	0.000	0.000	0.000	0.000	0.000	0.000	0.000	0.000	0.000	0.000	0.000	0.000	0.000	0.000	0.000	0.000	0.000	0.000
145.000	0.142	1.135	0.318	0.837	1.343	0.833	1.122	0.556	0.000	0.000	0.000	0.000	0.000	0.000	0.000	0.000	0.000	0.000	0.000	0.000	0.000	0.000	0.000	0.000	0.000	0.000
146.000	0.143	1.128	0.317	0.838	1.342	0.830	1.121	0.554	0.000	0.000	0.000	0.000	0.000	0.000	0.000	0.000	0.000	0.000	0.000	0.000	0.000	0.000	0.000	0.000	0.000	0.000
147.000	0.145	1.133	0.320	0.838	1.343	0.833	1.123	0.552	0.000	0.000	0.000	0.000	0.000	0.000	0.000	0.000	0.000	0.000	0.000	0.000	0.000	0.000	0.000	0.000	0.000	0.000
148.000	0.143	1.133	0.320	0.838	1.343	0.831	1.123	0.554	0.000	0.000	0.000	0.000	0.000	0.000	0.000	0.000	0.000	0.000	0.000	0.000	0.000	0.000	0.000	0.000	0.000	0.000
149.000	0.143	1.134	0.318	0.839	1.345	0.832	1.125	0.553	0.000	0.000	0.000	0.000	0.000	0.000	0.000	0.000	0.000	0.000	0.000	0.000	0.000	0.000	0.000	0.000	0.000	0.000
150.000	0.144	1.136	0.319	0.838	1.343	0.833	1.123	0.554	0.000	0.000	0.000	0.000	0.000	0.000	0.000	0.000	0.000	0.000	0.000	0.000	0.000	0.000	0.000	0.000	0.000	0.000
151.000	0.145	1.135	0.322	0.839	1.345	0.834	1.124	0.554	0.000	0.000	0.000	0.000	0.000	0.000	0.000	0.000	0.000	0.000	0.000	0.000	0.000	0.000	0.000	0.000	0.000	0.000
152.000	0.142	1.131	0.317	0.837	1.343	0.831	1.121	0.552	0.000	0.000	0.000	0.000	0.000	0.000	0.000	0.000	0.000	0.000	0.000	0.000	0.000	0.000	0.000	0.000	0.000	0.000
153.000	0.141	1.133	0.319	0.839	1.344	0.832	1.123	0.554	0.000	0.000	0.000	0.000	0.000	0.000	0.000	0.000	0.000	0.000	0.000	0.000	0.000	0.000	0.000	0.000	0.000	0.000
154.000	0.144	1.135	0.319	0.838	1.344	0.834	1.122	0.554	0.000	0.000	0.000	0.000	0.000	0.000	0.000	0.000	0.000	0.000	0.000	0.000	0.000	0.000	0.000	0.000	0.000	0.000
155.000	0.143	1.138	0.319	0.839	1.345	0.833	1.124	0.555	0.000	0.000	0.000	0.000	0.000	0.000	0.000	0.000	0.000	0.000	0.000	0.000	0.000	0.000	0.000	0.000	0.000	0.000
156.000	0.142	1.130	0.315	0.838	1.342	0.833	1.122	0.554	0.000	0.000	0.000	0.000	0.000	0.000	0.000	0.000	0.000	0.000	0.000	0.000	0.000	0.000	0.000	0.000	0.000	0.000
157.000	0.143	1.136	0.321	0.839	1.345	0.833	1.125	0.556	0.000	0.000	0.000	0.000	0.000	0.000	0.000	0.000	0.000	0.000	0.000	0.000	0.000	0.000	0.000	0.000	0.000	0.000
158.000	0.140	1.130	0.315	0.838	1.343	0.832	1.122	0.554	0.000	0.000	0.000	0.000	0.000	0.000	0.000	0.000	0.000	0.000	0.000	0.000	0.000	0.000	0.000	0.000	0.000	0.000
159.000	0.141	1.132	0.316	0.836	1.342	0.830	1.123	0.554	0.000	0.000	0.000	0.000	0.000	0.000	0.000	0.000	0.000	0.000	0.000	0.000	0.000	0.000	0.000	0.000	0.000	0.000
160.000	0.142	1.133	0.317	0.838	1.344	0.831	1.122	0.554	0.000	0.000	0.000	0.000	0.000	0.000	0.000	0.000	0.000	0.000	0.000	0.000	0.000	0.000	0.000	0.000	0.000	0.000
161.000	0.143	1.130	0.316	0.838	1.342	0.831	1.122	0.555	0.000	0.000	0.000	0.000	0.000	0.000	0.000	0.000	0.000	0.000	0.000	0.000	0.000	0.000	0.000	0.000	0.000	0.000
162.000	0.142	1.133	0.321	0.838	1.344	0.833	1.123	0.554	0.000	0.000	0.000	0.000	0.000	0.000	0.000	0.000	0.000	0.000	0.000	0.000	0.000	0.000	0.000	0.000	0.000	0.000
163.000	0.144	1.129	0.319	0.839	1.343	0.831	1.122	0.554	0.000	0.000	0.000	0.000	0.000	0.000	0.000	0.000	0.000	0.000	0.000	0.000	0.000	0.000	0.000	0.000	0.000	0.000
164.000	0.142	1.130	0.316	0.839	1.341	0.832	1.122	0.552	0.000	0.000	0.000	0.000	0.000	0.000	0.000	0.000	0.000	0.000	0.000	0.000	0.000	0.000	0.000	0.000	0.000	0.000
165.000	0.141	1.129	0.320	0.837	1.341	0.830	1.120	0.551	0.000	0.000	0.000	0.000	0.000	0.000	0.000	0.000	0.000	0.000	0.000	0.000	0.000	0.000	0.000	0.000	0.000	0.000
166.000	0.143	1.129	0.316	0.838	1.342	0.832	1.120	0.552	0.000	0.000	0.000	0.000	0.000	0.000	0.000	0.000	0.000	0.000	0.000	0.000	0.000	0.000	0.000	0.000	0.000	0.000
167.000	0.144	1.130	0.321	0.838	1.343	0.833	1.121	0.554	0.000	0.000	0.000	0.000	0.000	0.000	0.000	0.000	0.000	0.000	0.000	0.000	0.000	0.000	0.000	0.000	0.000	0.000
168.000	0.141	1.131	0.317	0.837	1.342	0.831	1.122	0.553	0.000	0.000	0.000	0.000	0.000	0.000	0.000	0.000	0.000	0.000	0.000	0.000	0.000	0.000	0.000	0.000	0.000	0.000
169.000	0.144	1.132	0.321	0.839	1.341	0.831	1.123	0.553	0.000	0.000	0.000	0.000	0.000	0.000	0.000	0.000	0.000	0.000	0.000	0.000	0.000	0.000	0.000	0.000	0.000	0.000
170.000	0.144	1.132	0.321	0.838	1.344	0.834	1.123	0.555	0.000	0.000	0.000	0.000	0.000	0.000	0.000	0.000	0.000	0.000	0.000	0.000	0.000	0.000	0.000	0.000	0.000	0.000
171.000	0.144	1.129	0.316	0.837	1.340	0.831	1.121	0.552	0.000	0.000	0.000	0.000	0.000	0.000	0.000	0.000	0.000	0.000	0.000	0.000	0.000	0.000	0.000	0.000	0.000	0.000
172.000	0.143	1.130	0.317	0.838	1.342	0.832	1.124	0.554	0.000	0.000	0.000	0.000	0.000	0.000	0.000	0.000	0.000	0.000	0.000	0.000	0.000	0.000	0.000	0.000	0.000	0.000
173.000	0.144	1.129	0.319	0.838	1.341	0.833	1.121	0.553	0.000	0.000	0.000	0.000	0.000	0.000	0.000	0.000	0.000	0.000	0.000	0.000	0.000	0.000	0.000	0.000	0.000	0.000
174.000	0.145	1.134	0.319	0.839	1.343	0.834	1.123	0.555	0.000	0.000	0.000	0.000	0.000	0.000	0.000	0.000	0.000	0.000	0.000	0.000	0.000	0.000	0.000	0.000	0.000	0.000
175.000	0.144	1.136	0.322	0.838	1.344	0.835	1.123	0.554	0.000	0.000	0.000	0.000	0.000	0.000	0.000	0.000	0.000	0.000	0.000	0.000	0.000	0.000	0.000	0.000	0.000	0.000
176.000	0.144	1.133	0.318	0.838	1.345	0.832	1.122	0.555	0.000	0.000	0.000	0.000	0.000	0.000	0.000	0.000	0.000	0.000	0.000	0.000	0.000	0.000	0.000	0.000	0.000	0.000
177.000	0.142	1.134	0.322	0.838	1.344	0.834	1.123	0.553	0.000	0.000	0.000	0.000	0.000	0.000	0.000	0.000	0.000	0.000	0.000	0.000	0.000	0.000	0.000	0.000	0.000	0.000
178.000	0.141	1.129	0.319	0.838	1.344	0.832	1.122	0.555	0.000	0.000	0.000	0.000	0.000	0.000	0.000	0.000	0.000	0.000	0.000	0.000	0.000	0.000	0.000	0.000	0.000	0.000
179.000	0.142	1.132	0.320	0.838	1.344	0.833	1.125	0.553	0.000	0.000	0.000	0.000	0.000	0.000	0.000	0.000	0.000	0.000	0.000	0.000	0.000	0.000	0.000	0.000	0.000	0.000
180.000	0.143	1.131	0.317	0.838	1.343	0.832	1.122	0.554	0.000	0.000	0.000	0.000	0.000	0.000	0.000	0.000	0.000	0.000	0.000	0.000	0.000	0.000	0.000	0.000	0.000	0.000
181.000	0.143	1.132	0.319	0.839	1.343	0.833	1.123	0.554	0.000	0.000	0.000	0.000	0.000	0.000	0.000	0.000	0.000	0.000	0.000	0.000	0.000	0.000	0.000	0.000	0.000	0.000
182.000	0.140	1.132	0.318	0.838	1.342	0.832	1.122	0.553	0.000	0.000	0.000	0.000	0.000	0.000	0.000	0.000	0.000	0.000	0.000	0.000	0.000	0.000	0.000	0.000	0.000	0.000
183.000	0.142	1.133	0.319	0.838	1.345	0.833	1.123	0.557	0.000	0.000	0.000	0.000	0.000	0.000	0.000	0.000	0.000	0.000	0.000	0.000	0.000	0.000	0.000	0.000	0.000	0.000
184.000	0.145	1.132	0.321	0.838	1.344	0.833	1.124	0.554	0.000	0.000	0.000	0.000	0.000	0.000	0.000	0.000	0.000	0.000	0.000	0.000	0.000	0.000	0.000	0.000	0.000	0.000
185.000	0.142	1.136	0.322	0.839	1.344	0.833	1.125	0.555	0.000	0.000	0.000	0.000	0.000	0.000	0.000	0.000	0.000	0.000	0.000	0.000	0.000	0.000	0.000	0.000	0.000	0.000
186.000	0.143	1.135	0.323	0.839	1.342	0.833	1.123	0.554	0.000	0.000	0.000	0.000	0.000	0.000	0.000	0.000	0.000	0.000	0.000	0.000	0.000	0.000	0.000	0.000	0.000	0.000
187.000	0.145	1.132	0.319	0.839	1.344	0.834	1.124	0.554	0.000	0.000	0.000	0.000	0.000	0.000	0.000	0.000	0.000	0.000	0.000	0.000	0.000	0.000	0.000	0.000	0.000	0.000
188.000	0.144	1.135	0.322	0.837	1.345	0.835	1.125	0.554	0.000	0.000	0.000	0.000	0.000	0.000	0.000	0.000	0.000	0.000	0.000	0.000	0.000	0.000	0.000	0.000	0.000	0.000
189.000	0.144	1.136	0.318	0.839	1.345	0.833	1.123	0.553	0.000	0.000	0.000	0.000	0.000	0.000	0.000	0.000	0.000	0.000	0.000	0.000	0.000	0.000	0.000	0.000	0.000	0.000
190.000	0.144	1.134	0.324	0.839	1.347	0.835	1.124	0.556	0.000	0.000	0.000	0.000	0.000	0.000	0.000	0.000	0.000	0.000	0.000	0.000	0.000	0.000	0.000	0.000	0.000	0.000
191.000	0.143	1.135	0.323	0.839	1.342	0.834	1.123	0.554	0.000	0.000	0.000	0.000	0.000	0.000	0.000	0.000	0.000	0.000	0.000	0.000	0.000	0.000	0.000	0.000	0.000	0.000
192.000	0.143	1.136	0.322	0.838	1.345	0.835	1.125	0.553	0.000	0.000	0.000	0.000	0.000	0.000	0.000	0.000	0.000	0.000	0.000	0.000	0.000	0.000	0.000	0.000	0.000	0.000
193.000	0.144	1.135	0.321	0.839	1.347	0.836	1.124	0.554	0.000	0.000	0.000	0.000	0.000	0.000	0.000	0.000	0.000	0.000	0.000	0.000	0.000	0.000	0.000	0.000	0.000	0.000
194.000	0.143	1.135	0.320	0.839	1.345	0.835	1.125	0.556	0.000	0.000	0.000	0.000	0.000	0.000	0.000	0.000	0.000	0.000	0.000	0.000	0.000	0.000	0.000	0.000	0.000	0.000
195.000	0.145	1.135	0.319	0.839	1.345	0.834	1.125	0.555	0.000	0.000	0.000	0.000	0.000	0.000	0.000	0.000	0.000	0.000	0.000	0.000	0.000	0.000	0.000	0.000	0.000	0.000
196.000	0.142	1.138	0.319	0.839	1.346	0.833	1.124	0.554	0.000	0.000	0.000	0.000	0.000	0.000	0.000	0.000	0.000	0.000	0.000	0.000	0.000	0.000	0.000	0.000	0.000	0.000
197.000	0.145	1.136	0.320	0.838	1.346	0.834	1.125	0.555	0.000	0.000	0.000	0.000	0.000	0.000	0.000	0.000	0.000	0.000	0.000	0.000	0.000	0.000	0.000	0.000	0.000	0.000
198.000	0.144	1.135	0.320	0.837	1.344	0.834	1.126	0.555	0.000	0.000	0.000	0.000	0.000	0.000	0.000	0.000	0.000	0.000	0.000	0.000	0.000	0.000	0.000	0.000	0.000	0.000
199.000	0.142	1.137	0.322	0.839	1.348	0.834	1.125	0.555	0.000	0.000	0.000	0.000	0.000	0.000	0.000	0.000	0.000	0.000	0.000	0.000	0.000	0.000	0.000	0.000	0.000	0.000
200.000	0.144	1.135	0.319	0.838	1.343	0.832	1.124	0.554	0.000	0.000	0.000	0.000	0.000	0.000	0.000	0.000	0.000	0.000	0.000	0.000	0.000	0.000	0.000	0.000	0.000	0.000
201.000	0.143	1.137	0.324	0.838	1.347	0.835	1.125	0.555	0.000	0.000	0.000	0.000	0.000	0.000	0.000	0.000	0.000	0.000	0.000	0.000	0.000	0.000	0.000	0.000	0.000	0.000
202.000	0.144	1.134	0.319	0.838	1.345	0.833	1.124	0.556	0.000	0.000	0.000	0.000	0.000	0.000	0.000	0.000	0.000	0.000	0.000	0.000	0.000	0.000	0.000	0.000	0.000	0.000
203.000	0.144	1.137	0.322	0.838	1.345	0.835	1.124	0.554	0.000	0.000	0.000	0.000	0.000	0.000	0.000	0.000	0.000	0.000	0.000	0.000	0.000	0.000	0.000	0.000	0.000	0.000
204.000	0.145	1.137	0.323	0.839	1.347	0.837	1.125	0.556	0.000	0.000	0.000	0.000	0.000	0.000	0.000	0.000	0.000	0.000	0.000	0.000	0.000	0.000	0.000	0.000	0.000	0.000
205.000	0.143	1.132	0.318	0.838	1.344	0.832	1.125	0.553	0.000	0.000	0.000	0.000	0.000	0.000	0.000	0.000	0.000	0.000	0.000	0.000	0.000	0.000	0.000	0.000	0.000	0.000
206.000	0.145	1.136	0.319	0.838	1.342	0.833	1.123	0.554	0.000	0.000	0.000	0.000	0.000	0.000	0.000	0.000	0.000	0.000	0.000	0.000	0.000	0.000	0.000	0.000	0.000	0.000
207.000	0.146	1.131	0.316	0.838	1.344	0.835	1.122	0.554	0.000	0.000	0.000	0.000	0.000	0.000	0.000	0.000	0.000	0.000	0.000	0.000	0.000	0.000	0.000	0.000	0.000	0.000
208.000	0.144	1.132	0.316	0.838	1.344	0.833	1.123	0.554	0.000	0.000	0.000	0.000	0.000	0.000	0.000	0.000	0.000	0.000	0.000	0.000	0.000	0.000	0.000	0.000	0.000	0.000
209.000	0.143	1.137	0.321	0.840	1.349	0.836	1.125	0.555	0.000	0.000	0.000	0.000	0.000	0.000	0.000	0.000	0.000	0.000	0.000	0.000	0.000	0.000	0.000	0.000	0.000	0.000
210.000	0.145	1.135	0.320	0.839	1.345	0.834	1.124	0.554	0.000	0.000	0.000	0.000	0.000	0.000	0.000	0.000	0.000	0.000	0.000	0.000	0.000	0.000	0.000	0.000	0.000	0.000
211.000	0.142	1.133	0.319	0.838	1.343	0.833	1.124	0.554	0.000	0.000	0.000	0.000	0.000	0.000	0.000	0.000	0.000	0.000	0.000	0.000	0.000	0.000	0.000	0.000	0.000	0.000
212.000	0.144	1.133	0.319	0.836	1.344	0.831	1.121	0.554	0.000	0.000	0.000	0.000	0.000	0.000	0.000	0.000	0.000	0.000	0.000	0.000	0.000	0.000	0.000	0.000	0.000	0.000
213.000	0.144	1.134	0.320	0.839	1.344	0.835	1.124	0.555	0.000	0.000	0.000	0.000	0.000	0.000	0.000	0.000	0.000	0.000	0.000	0.000	0.000	0.000	0.000	0.000	0.000	0.000
214.000	0.145	1.129	0.320	0.837	1.343	0.833	1.121	0.553	0.000	0.000	0.000	0.000	0.000	0.000	0.000	0.000	0.000	0.000	0.000	0.000	0.000	0.000	0.000	0.000	0.000	0.000
215.000	0.145	1.136	0.324	0.840	1.346	0.835	1.124	0.554	0.000	0.000	0.000	0.000	0.000	0.000	0.000	0.000	0.000	0.000	0.000	0.000	0.000	0.000	0.000	0.000	0.000	0.000
216.000	0.143	1.134	0.321	0.838	1.345	0.834	1.123	0.554	0.000	0.000	0.000	0.000	0.000	0.000	0.000	0.000	0.000	0.000	0.000	0.000	0.000	0.000	0.000	0.000	0.000	0.000
217.000	0.143	1.130	0.321	0.838	1.343	0.833	1.122	0.553	0.000	0.000	0.000	0.000	0.000	0.000	0.000	0.000	0.000	0.000	0.000	0.000	0.000	0.000	0.000	0.000	0.000	0.000
218.000	0.145	1.138	0.322	0.839	1.346	0.836	1.124	0.555	0.000	0.000	0.000	0.000	0.000	0.000	0.000	0.000	0.000	0.000	0.000	0.000	0.000	0.000	0.000	0.000	0.000	0.000
219.000	0.145	1.135	0.323	0.839	1.345	0.834	1.124	0.555	0.000	0.000	0.000	0.000	0.000	0.000	0.000	0.000	0.000	0.000	0.000	0.000	0.000	0.000	0.000	0.000	0.000	0.000
220.000	0.145	1.135	0.323	0.838	1.345	0.837	1.125	0.555	0.000	0.000	0.000	0.000	0.000	0.000	0.000	0.000	0.000	0.000	0.000	0.000	0.000	0.000	0.000	0.000	0.000	0.000
221.000	0.145	1.133	0.322	0.838	1.343	0.833	1.123	0.553	0.000	0.000	0.000	0.000	0.000	0.000	0.000	0.000	0.000	0.000	0.000	0.000	0.000	0.000	0.000	0.000	0.000	0.000
222.000	0.143	1.133	0.321	0.839	1.345	0.835	1.124	0.555	0.000	0.000	0.000	0.000	0.000	0.000	0.000	0.000	0.000	0.000	0.000	0.000	0.000	0.000	0.000	0.000	0.000	0.000
223.000	0.144	1.131	0.321	0.838	1.343	0.832	1.123	0.554	0.000	0.000	0.000	0.000	0.000	0.000	0.000	0.000	0.000	0.000	0.000	0.000	0.000	0.000	0.000	0.000	0.000	0.000
224.000	0.145	1.130	0.319	0.836	1.344	0.833	1.123	0.554	0.000	0.000	0.000	0.000	0.000	0.000	0.000	0.000	0.000	0.000	0.000	0.000	0.000	0.000	0.000	0.000	0.000	0.000
225.000	0.146	1.131	0.318	0.838	1.342	0.832	1.123	0.555	0.000	0.000	0.000	0.000	0.000	0.000	0.000	0.000	0.000	0.000	0.000	0.000	0.000	0.000	0.000	0.000	0.000	0.000
226.000	0.144	1.134	0.321	0.839	1.346	0.834	1.124	0.555	0.000	0.000	0.000	0.000	0.000	0.000	0.000	0.000	0.000	0.000	0.000	0.000	0.000	0.000	0.000	0.000	0.000	0.000
227.000	0.145	1.132	0.320	0.838	1.344	0.835	1.124	0.554	0.000	0.000	0.000	0.000	0.000	0.000	0.000	0.000	0.000	0.000	0.000	0.000	0.000	0.000	0.000	0.000	0.000	0.000
228.000	0.145	1.131	0.320	0.838	1.344	0.833	1.124	0.554	0.000	0.000	0.000	0.000	0.000	0.000	0.000	0.000	0.000	0.000	0.000	0.000	0.000	0.000	0.000	0.000	0.000	0.000
229.000	0.143	1.134	0.322	0.839	1.344	0.836	1.124	0.554	0.000	0.000	0.000	0.000	0.000	0.000	0.000	0.000	0.000	0.000	0.000	0.000	0.000	0.000	0.000	0.000	0.000	0.000
230.000	0.144	1.131	0.320	0.840	1.346	0.834	1.125	0.553	0.000	0.000	0.000	0.000	0.000	0.000	0.000	0.000	0.000	0.000	0.000	0.000	0.000	0.000	0.000	0.000	0.000	0.000
231.000	0.145	1.131	0.319	0.838	1.344	0.833	1.124	0.552	0.000	0.000	0.000	0.000	0.000	0.000	0.000	0.000	0.000	0.000	0.000	0.000	0.000	0.000	0.000	0.000	0.000	0.000
232.000	0.144	1.129	0.318	0.838	1.346	0.834	1.123	0.555	0.000	0.000	0.000	0.000	0.000	0.000	0.000	0.000	0.000	0.000	0.000	0.000	0.000	0.000	0.000	0.000	0.000	0.000
233.000	0.145	1.129	0.320	0.838	1.345	0.833	1.124	0.554	0.000	0.000	0.000	0.000	0.000	0.000	0.000	0.000	0.000	0.000	0.000	0.000	0.000	0.000	0.000	0.000	0.000	0.000
234.000	0.146	1.131	0.321	0.839	1.343	0.832	1.124	0.556	0.000	0.000	0.000	0.000	0.000	0.000	0.000	0.000	0.000	0.000	0.000	0.000	0.000	0.000	0.000	0.000	0.000	0.000
235.000	0.144	1.132	0.319	0.838	1.343	0.833	1.124	0.555	0.000	0.000	0.000	0.000	0.000	0.000	0.000	0.000	0.000	0.000	0.000	0.000	0.000	0.000	0.000	0.000	0.000	0.000
236.000	0.145	1.133	0.322	0.839	1.346	0.833	1.123	0.554	0.000	0.000	0.000	0.000	0.000	0.000	0.000	0.000	0.000	0.000	0.000	0.000	0.000	0.000	0.000	0.000	0.000	0.000
237.000	0.145	1.137	0.322	0.841	1.348	0.837	1.124	0.554	0.000	0.000	0.000	0.000	0.000	0.000	0.000	0.000	0.000	0.000	0.000	0.000	0.000	0.000	0.000	0.000	0.000	0.000
238.000	0.144	1.134	0.320	0.836	1.345	0.833	1.125	0.555	0.000	0.000	0.000	0.000	0.000	0.000	0.000	0.000	0.000	0.000	0.000	0.000	0.000	0.000	0.000	0.000	0.000	0.000
239.000	0.145	1.125	0.322	0.836	1.346	0.830	1.119	0.554	0.000	0.000	0.000	0.000	0.000	0.000	0.000	0.000	0.000	0.000	0.000	0.000	0.000	0.000	0.000	0.000	0.000	0.000
240.000	0.142	1.124	0.321	0.835	1.344	0.831	1.116	0.555	0.000	0.000	0.000	0.000	0.000	0.000	0.000	0.000	0.000	0.000	0.000	0.000	0.000	0.000	0.000	0.000	0.000	0.000
241.000	0.143	1.123	0.319	0.832	1.343	0.830	1.115	0.553	0.000	0.000	0.000	0.000	0.000	0.000	0.000	0.000	0.000	0.000	0.000	0.000	0.000	0.000	0.000	0.000	0.000	0.000
242.000	0.144	1.124	0.316	0.833	1.342	0.830	1.115	0.552	0.000	0.000	0.000	0.000	0.000	0.000	0.000	0.000	0.000	0.000	0.000	0.000	0.000	0.000	0.000	0.000	0.000	0.000
243.000	0.144	1.124	0.320	0.834	1.344	0.830	1.116	0.554	0.000	0.000	0.000	0.000	0.000	0.000	0.000	0.000	0.000	0.000	0.000	0.000	0.000	0.000	0.000	0.000	0.000	0.000
244.000	0.143	1.124	0.319	0.835	1.343	0.831	1.116	0.554	0.000	0.000	0.000	0.000	0.000	0.000	0.000	0.000	0.000	0.000	0.000	0.000	0.000	0.000	0.000	0.000	0.000	0.000
245.000	0.143	1.123	0.317	0.833	1.341	0.830	1.114	0.551	0.000	0.000	0.000	0.000	0.000	0.000	0.000	0.000	0.000	0.000	0.000	0.000	0.000	0.000	0.000	0.000	0.000	0.000
246.000	0.145	1.125	0.322	0.834	1.342	0.830	1.118	0.552	0.000	0.000	0.000	0.000	0.000	0.000	0.000	0.000	0.000	0.000	0.000	0.000	0.000	0.000	0.000	0.000	0.000	0.000
247.000	0.144	1.125	0.325	0.833	1.345	0.832	1.116	0.556	0.000	0.000	0.000	0.000	0.000	0.000	0.000	0.000	0.000	0.000	0.000	0.000	0.000	0.000	0.000	0.000	0.000	0.000
248.000	0.144	1.125	0.320	0.833	1.345	0.831	1.117	0.553	0.000	0.000	0.000	0.000	0.000	0.000	0.000	0.000	0.000	0.000	0.000	0.000	0.000	0.000	0.000	0.000	0.000	0.000
249.000	0.145	1.128	0.322	0.838	1.344	0.833	1.123	0.555	0.000	0.000	0.000	0.000	0.000	0.000	0.000	0.000	0.000	0.000	0.000	0.000	0.000	0.000	0.000	0.000	0.000	0.000
250.000	0.144	1.123	0.317	0.832	1.343	0.830	1.113	0.553	0.000	0.000	0.000	0.000	0.000	0.000	0.000	0.000	0.000	0.000	0.000	0.000	0.000	0.000	0.000	0.000	0.000	0.000
251.000	0.145	1.123	0.320	0.834	1.341	0.829	1.115	0.554	0.000	0.000	0.000	0.000	0.000	0.000	0.000	0.000	0.000	0.000	0.000	0.000	0.000	0.000	0.000	0.000	0.000	0.000
252.000	0.144	1.124	0.319	0.832	1.340	0.829	1.113	0.553	0.000	0.000	0.000	0.000	0.000	0.000	0.000	0.000	0.000	0.000	0.000	0.000	0.000	0.000	0.000	0.000	0.000	0.000
253.000	0.145	1.123	0.319	0.831	1.343	0.829	1.113	0.554	0.000	0.000	0.000	0.000	0.000	0.000	0.000	0.000	0.000	0.000	0.000	0.000	0.000	0.000	0.000	0.000	0.000	0.000
254.000	0.144	1.123	0.320	0.832	1.342	0.829	1.115	0.551	0.000	0.000	0.000	0.000	0.000	0.000	0.000	0.000	0.000	0.000	0.000	0.000	0.000	0.000	0.000	0.000	0.000	0.000
255.000	0.142	1.123	0.320	0.831	1.340	0.830	1.115	0.554	0.000	0.000	0.000	0.000	0.000	0.000	0.000	0.000	0.000	0.000	0.000	0.000	0.000	0.000	0.000	0.000	0.000	0.000
256.000	0.145	1.123	0.321	0.833	1.341	0.829	1.115	0.554	0.000	0.000	0.000	0.000	0.000	0.000	0.000	0.000	0.000	0.000	0.000	0.000	0.000	0.000	0.000	0.000	0.000	0.000
257.000	0.143	1.117	0.321	0.830	1.339	0.829	1.112	0.553	0.000	0.000	0.000	0.000	0.000	0.000	0.000	0.000	0.000	0.000	0.000	0.000	0.000	0.000	0.000	0.000	0.000	0.000
258.000	0.140	1.118	0.320	0.832	1.340	0.829	1.113	0.554	0.000	0.000	0.000	0.000	0.000	0.000	0.000	0.000	0.000	0.000	0.000	0.000	0.000	0.000	0.000	0.000	0.000	0.000
259.000	0.143	1.122	0.320	0.831	1.342	0.831	1.114	0.552	0.000	0.000	0.000	0.000	0.000	0.000	0.000	0.000	0.000	0.000	0.000	0.000	0.000	0.000	0.000	0.000	0.000	0.000
260.000	0.145	1.122	0.321	0.835	1.343	0.830	1.116	0.553	0.000	0.000	0.000	0.000	0.000	0.000	0.000	0.000	0.000	0.000	0.000	0.000	0.000	0.000	0.000	0.000	0.000	0.000
261.000	0.145	1.120	0.319	0.829	1.337	0.827	1.111	0.553	0.000	0.000	0.000	0.000	0.000	0.000	0.000	0.000	0.000	0.000	0.000	0.000	0.000	0.000	0.000	0.000	0.000	0.000
262.000	0.146	1.123	0.320	0.831	1.340	0.830	1.113	0.554	0.000	0.000	0.000	0.000	0.000	0.000	0.000	0.000	0.000	0.000	0.000	0.000	0.000	0.000	0.000	0.000	0.000	0.000
263.000	0.143	1.122	0.321	0.832	1.340	0.831	1.113	0.552	0.000	0.000	0.000	0.000	0.000	0.000	0.000	0.000	0.000	0.000	0.000	0.000	0.000	0.000	0.000	0.000	0.000	0.000
264.000	0.144	1.121	0.320	0.831	1.341	0.830	1.114	0.551	0.000	0.000	0.000	0.000	0.000	0.000	0.000	0.000	0.000	0.000	0.000	0.000	0.000	0.000	0.000	0.000	0.000	0.000
265.000	0.144	1.117	0.318	0.829	1.338	0.828	1.112	0.550	0.000	0.000	0.000	0.000	0.000	0.000	0.000	0.000	0.000	0.000	0.000	0.000	0.000	0.000	0.000	0.000	0.000	0.000
266.000	0.142	1.118	0.319	0.829	1.338	0.827	1.110	0.553	0.000	0.000	0.000	0.000	0.000	0.000	0.000	0.000	0.000	0.000	0.000	0.000	0.000	0.000	0.000	0.000	0.000	0.000
267.000	0.144	1.120	0.320	0.830	1.340	0.829	1.112	0.551	0.000	0.000	0.000	0.000	0.000	0.000	0.000	0.000	0.000	0.000	0.000	0.000	0.000	0.000	0.000	0.000	0.000	0.000
268.000	0.145	1.116	0.317	0.829	1.337	0.827	1.112	0.553	0.000	0.000	0.000	0.000	0.000	0.000	0.000	0.000	0.000	0.000	0.000	0.000	0.000	0.000	0.000	0.000	0.000	0.000
269.000	0.144	1.118	0.318	0.829	1.339	0.829	1.113	0.550	0.000	0.000	0.000	0.000	0.000	0.000	0.000	0.000	0.000	0.000	0.000	0.000	0.000	0.000	0.000	0.000	0.000	0.000
270.000	0.145	1.120	0.323	0.831	1.340	0.830	1.113	0.553	0.000	0.000	0.000	0.000	0.000	0.000	0.000	0.000	0.000	0.000	0.000	0.000	0.000	0.000	0.000	0.000	0.000	0.000
271.000	0.145	1.120	0.324	0.830	1.339	0.828	1.113	0.553	0.000	0.000	0.000	0.000	0.000	0.000	0.000	0.000	0.000	0.000	0.000	0.000	0.000	0.000	0.000	0.000	0.000	0.000
272.000	0.145	1.118	0.320	0.828	1.339	0.829	1.113	0.552	0.000	0.000	0.000	0.000	0.000	0.000	0.000	0.000	0.000	0.000	0.000	0.000	0.000	0.000	0.000	0.000	0.000	0.000
273.000	0.145	1.118	0.318	0.829	1.338	0.826	1.111	0.553	0.000	0.000	0.000	0.000	0.000	0.000	0.000	0.000	0.000	0.000	0.000	0.000	0.000	0.000	0.000	0.000	0.000	0.000
274.000	0.144	1.121	0.322	0.829	1.339	0.829	1.113	0.552	0.000	0.000	0.000	0.000	0.000	0.000	0.000	0.000	0.000	0.000	0.000	0.000	0.000	0.000	0.000	0.000	0.000	0.000
275.000	0.144	1.116	0.319	0.829	1.337	0.826	1.111	0.551	0.000	0.000	0.000	0.000	0.000	0.000	0.000	0.000	0.000	0.000	0.000	0.000	0.000	0.000	0.000	0.000	0.000	0.000
276.000	0.142	1.118	0.318	0.829	1.339	0.829	1.112	0.551	0.000	0.000	0.000	0.000	0.000	0.000	0.000	0.000	0.000	0.000	0.000	0.000	0.000	0.000	0.000	0.000	0.000	0.000
277.000	0.145	1.121	0.319	0.831	1.339	0.828	1.110	0.552	0.000	0.000	0.000	0.000	0.000	0.000	0.000	0.000	0.000	0.000	0.000	0.000	0.000	0.000	0.000	0.000	0.000	0.000
278.000	0.144	1.117	0.318	0.830	1.339	0.828	1.112	0.551	0.000	0.000	0.000	0.000	0.000	0.000	0.000	0.000	0.000	0.000	0.000	0.000	0.000	0.000	0.000	0.000	0.000	0.000
279.000	0.144	1.122	0.322	0.830	1.341	0.829	1.113	0.552	0.000	0.000	0.000	0.000	0.000	0.000	0.000	0.000	0.000	0.000	0.000	0.000	0.000	0.000	0.000	0.000	0.000	0.000
280.000	0.146	1.118	0.319	0.830	1.340	0.829	1.112	0.551	0.000	0.000	0.000	0.000	0.000	0.000	0.000	0.000	0.000	0.000	0.000	0.000	0.000	0.000	0.000	0.000	0.000	0.000
281.000	0.147	1.122	0.321	0.834	1.343	0.829	1.116	0.554	0.000	0.000	0.000	0.000	0.000	0.000	0.000	0.000	0.000	0.000	0.000	0.000	0.000	0.000	0.000	0.000	0.000	0.000
282.000	0.145	1.124	0.323	0.833	1.341	0.830	1.115	0.554	0.000	0.000	0.000	0.000	0.000	0.000	0.000	0.000	0.000	0.000	0.000	0.000	0.000	0.000	0.000	0.000	0.000	0.000
283.000	0.146	1.122	0.319	0.829	1.341	0.829	1.113	0.553	0.000	0.000	0.000	0.000	0.000	0.000	0.000	0.000	0.000	0.000	0.000	0.000	0.000	0.000	0.000	0.000	0.000	0.000
284.000	0.144	1.121	0.321	0.830	1.342	0.831	1.114	0.552	0.000	0.000	0.000	0.000	0.000	0.000	0.000	0.000	0.000	0.000	0.000	0.000	0.000	0.000	0.000	0.000	0.000	0.000
285.000	0.145	1.124	0.322	0.831	1.343	0.831	1.114	0.553	0.000	0.000	0.000	0.000	0.000	0.000	0.000	0.000	0.000	0.000	0.000	0.000	0.000	0.000	0.000	0.000	0.000	0.000
286.000	0.145	1.119	0.318	0.831	1.339	0.829	1.113	0.553	0.000	0.000	0.000	0.000	0.000	0.000	0.000	0.000	0.000	0.000	0.000	0.000	0.000	0.000	0.000	0.000	0.000	0.000
287.000	0.145	1.124	0.322	0.831	1.340	0.829	1.113	0.553	0.000	0.000	0.000	0.000	0.000	0.000	0.000	0.000	0.000	0.000	0.000	0.000	0.000	0.000	0.000	0.000	0.000	0.000
288.000	0.146	1.129	0.321	0.836	1.342	0.832	1.119	0.552	0.000	0.000	0.000	0.000	0.000	0.000	0.000	0.000	0.000	0.000	0.000	0.000	0.000	0.000	0.000	0.000	0.000	0.000
289.000	0.147	1.127	0.325	0.838	1.339	0.833	1.122	0.551	0.000	0.000	0.000	0.000	0.000	0.000	0.000	0.000	0.000	0.000	0.000	0.000	0.000	0.000	0.000	0.000	0.000	0.000
290.000	0.145	1.131	0.325	0.839	1.336	0.832	1.120	0.553	0.000	0.000	0.000	0.000	0.000	0.000	0.000	0.000	0.000	0.000	0.000	0.000	0.000	0.000	0.000	0.000	0.000	0.000
291.000	0.146	1.127	0.322	0.837	1.334	0.832	1.121	0.552	0.000	0.000	0.000	0.000	0.000	0.000	0.000	0.000	0.000	0.000	0.000	0.000	0.000	0.000	0.000	0.000	0.000	0.000
292.000	0.146	1.131	0.323	0.837	1.336	0.832	1.124	0.552	0.000	0.000	0.000	0.000	0.000	0.000	0.000	0.000	0.000	0.000	0.000	0.000	0.000	0.000	0.000	0.000	0.000	0.000
293.000	0.146	1.130	0.323	0.838	1.336	0.832	1.122	0.554	0.000	0.000	0.000	0.000	0.000	0.000	0.000	0.000	0.000	0.000	0.000	0.000	0.000	0.000	0.000	0.000	0.000	0.000
294.000	0.147	1.130	0.323	0.836	1.333	0.830	1.119	0.552	0.000	0.000	0.000	0.000	0.000	0.000	0.000	0.000	0.000	0.000	0.000	0.000	0.000	0.000	0.000	0.000	0.000	0.000
295.000	0.147	1.128	0.321	0.838	1.335	0.831	1.121	0.551	0.000	0.000	0.000	0.000	0.000	0.000	0.000	0.000	0.000	0.000	0.000	0.000	0.000	0.000	0.000	0.000	0.000	0.000
296.000	0.150	1.131	0.324	0.836	1.335	0.834	1.123	0.552	0.000	0.000	0.000	0.000	0.000	0.000	0.000	0.000	0.000	0.000	0.000	0.000	0.000	0.000	0.000	0.000	0.000	0.000
