1.000	0.159	1.198	1.042	0.869
2.000	0.163	1.197	1.041	0.870
3.000	0.166	1.201	1.042	0.869
4.000	0.165	1.199	1.039	0.869
5.000	0.164	1.201	1.041	0.868
6.000	0.159	1.202	1.042	0.869
7.000	0.165	1.193	1.041	0.865
8.000	0.167	1.195	1.042	0.868
9.000	0.162	1.194	1.042	0.866
10.000	0.166	1.196	1.042	0.867
11.000	0.161	1.196	1.042	0.868
12.000	0.163	1.196	1.042	0.869
13.000	0.166	1.195	1.040	0.866
14.000	0.166	1.196	1.041	0.868
15.000	0.166	1.196	1.041	0.868
16.000	0.165	1.196	1.042	0.867
17.000	0.167	1.196	1.042	0.868
18.000	0.166	1.194	1.041	0.869
19.000	0.168	1.196	1.041	0.869
20.000	0.168	1.196	1.042	0.869
21.000	0.168	1.196	1.043	0.869
22.000	0.168	1.196	1.041	0.868
23.000	0.171	1.195	1.042	0.868
24.000	0.172	1.203	1.042	0.869
25.000	0.170	1.205	1.043	0.870
26.000	0.170	1.201	1.043	0.869
27.000	0.173	1.205	1.043	0.870
28.000	0.172	1.206	1.043	0.869
29.000	0.170	1.199	1.042	0.870
30.000	0.172	1.205	1.041	0.869
31.000	0.175	1.202	1.042	0.870
32.000	0.174	1.206	1.043	0.871
33.000	0.168	1.205	1.042	0.869
34.000	0.175	1.203	1.042	0.869
35.000	0.170	1.203	1.042	0.869
36.000	0.178	1.203	1.042	0.869
37.000	0.177	1.205	1.042	0.869
38.000	0.178	1.206	1.043	0.870
39.000	0.175	1.206	1.042	0.869
40.000	0.173	1.206	1.043	0.871
41.000	0.173	1.206	1.043	0.870
42.000	0.174	1.205	1.043	0.869
43.000	0.174	1.206	1.042	0.869
44.000	0.176	1.206	1.042	0.870
45.000	0.177	1.206	1.043	0.869
46.000	0.173	1.202	1.042	0.870
47.000	0.179	1.204	1.042	0.869
48.000	0.179	1.205	1.042	0.870
49.000	0.175	1.205	1.043	0.869
50.000	0.178	1.206	1.042	0.870
51.000	0.175	1.204	1.042	0.870
52.000	0.175	1.205	1.042	0.869
53.000	0.177	1.196	1.041	0.867
54.000	0.174	1.196	1.042	0.869
55.000	0.175	1.196	1.041	0.869
56.000	0.177	1.197	1.042	0.869
57.000	0.177	1.196	1.043	0.867
58.000	0.175	1.197	1.042	0.867
59.000	0.175	1.196	1.041	0.868
60.000	0.175	1.196	1.042	0.868
61.000	0.176	1.196	1.042	0.867
62.000	0.176	1.197	1.043	0.868
63.000	0.177	1.196	1.042	0.869
64.000	0.179	1.196	1.042	0.869
65.000	0.174	1.196	1.042	0.868
66.000	0.178	1.196	1.042	0.868
67.000	0.176	1.196	1.042	0.869
68.000	0.176	1.205	1.042	0.869
69.000	0.177	1.205	1.043	0.870
70.000	0.180	1.205	1.044	0.870
71.000	0.179	1.204	1.043	0.870
72.000	0.180	1.207	1.042	0.871
73.000	0.181	1.204	1.042	0.870
74.000	0.180	1.207	1.043	0.870
75.000	0.184	1.205	1.042	0.870
76.000	0.184	1.206	1.042	0.869
77.000	0.182	1.197	1.042	0.869
78.000	0.185	1.206	1.042	0.869
79.000	0.182	1.201	1.043	0.870
80.000	0.181	1.207	1.044	0.870
81.000	0.187	1.207	1.042	0.870
82.000	0.184	1.202	1.042	0.870
83.000	0.185	1.201	1.043	0.869
84.000	0.185	1.202	1.042	0.869
85.000	0.182	1.209	1.043	0.870
86.000	0.186	1.207	1.042	0.870
87.000	0.185	1.207	1.043	0.869
88.000	0.185	1.206	1.042	0.869
89.000	0.184	1.206	1.044	0.869
90.000	0.184	1.206	1.042	0.870
91.000	0.184	1.201	1.042	0.868
92.000	0.186	1.204	1.042	0.869
93.000	0.185	1.208	1.042	0.870
94.000	0.187	1.213	1.043	0.870
95.000	0.186	1.203	1.042	0.870
96.000	0.187	1.204	1.042	0.868
97.000	0.187	1.207	1.042	0.870
98.000	0.188	1.206	1.043	0.870
99.000	0.188	1.206	1.044	0.870
100.000	0.187	1.204	1.043	0.869
101.000	0.187	1.206	1.042	0.869
102.000	0.187	1.206	1.042	0.870
103.000	0.189	1.205	1.043	0.871
104.000	0.189	1.203	1.042	0.869
105.000	0.187	1.205	1.043	0.871
106.000	0.189	1.206	1.043	0.871
107.000	0.187	1.206	1.042	0.869
108.000	0.193	1.205	1.042	0.870
109.000	0.189	1.206	1.042	0.870
110.000	0.189	1.206	1.042	0.871
111.000	0.188	1.206	1.042	0.870
112.000	0.188	1.206	1.042	0.870
113.000	0.189	1.206	1.044	0.869
114.000	0.186	1.206	1.042	0.869
115.000	0.192	1.206	1.042	0.869
116.000	0.189	1.207	1.043	0.869
117.000	0.190	1.205	1.042	0.870
118.000	0.192	1.204	1.043	0.871
119.000	0.192	1.210	1.044	0.869
120.000	0.195	1.206	1.043	0.869
121.000	0.194	1.207	1.043	0.870
122.000	0.191	1.206	1.042	0.869
123.000	0.195	1.208	1.043	0.869
124.000	0.194	1.208	1.045	0.869
125.000	0.195	1.205	1.043	0.870
126.000	0.196	1.202	1.041	0.869
127.000	0.198	1.205	1.043	0.869
128.000	0.194	1.209	1.042	0.870
129.000	0.197	1.208	1.042	0.870
130.000	0.192	1.207	1.042	0.870
131.000	0.197	1.207	1.042	0.870
132.000	0.196	1.206	1.043	0.871
133.000	0.195	1.202	1.042	0.869
134.000	0.196	1.203	1.042	0.870
135.000	0.197	1.203	1.042	0.869
136.000	0.197	1.205	1.042	0.869
137.000	0.200	1.206	1.042	0.870
138.000	0.199	1.208	1.043	0.871
139.000	0.198	1.208	1.044	0.871
140.000	0.198	1.206	1.043	0.871
141.000	0.200	1.207	1.042	0.871
142.000	0.200	1.205	1.042	0.870
143.000	0.199	1.206	1.042	0.871
144.000	0.197	1.204	1.042	0.870
145.000	0.200	1.207	1.042	0.871
146.000	0.201	1.205	1.043	0.872
147.000	0.203	1.205	1.043	0.871
148.000	0.197	1.208	1.043	0.871
149.000	0.203	1.210	1.043	0.871
150.000	0.203	1.212	1.042	0.872
151.000	0.205	1.205	1.042	0.874
152.000	0.198	1.210	1.043	0.873
153.000	0.205	1.205	1.042	0.872
154.000	0.209	1.208	1.043	0.870
155.000	0.206	1.206	1.042	0.873
156.000	0.207	1.204	1.043	0.871
157.000	0.205	1.203	1.042	0.869
158.000	0.210	1.205	1.042	0.871
159.000	0.206	1.200	1.042	0.871
160.000	0.208	1.206	1.042	0.872
161.000	0.210	1.206	1.043	0.871
162.000	0.207	1.206	1.042	0.870
163.000	0.213	1.211	1.044	0.872
164.000	0.205	1.205	1.044	0.873
165.000	0.207	1.203	1.042	0.870
166.000	0.215	1.205	1.042	0.872
167.000	0.208	1.205	1.043	0.873
168.000	0.212	1.204	1.042	0.872
169.000	0.210	1.203	1.042	0.872
170.000	0.209	1.205	1.043	0.873
171.000	0.210	1.212	1.043	0.873
172.000	0.213	1.206	1.044	0.872
173.000	0.214	1.203	1.042	0.871
174.000	0.214	1.202	1.042	0.871
175.000	0.215	1.206	1.042	0.870
176.000	0.216	1.209	1.043	0.872
177.000	0.215	1.203	1.040	0.870
178.000	0.215	1.207	1.043	0.872
179.000	0.215	1.211	1.042	0.872
180.000	0.216	1.206	1.042	0.871
181.000	0.217	1.205	1.042	0.871
182.000	0.216	1.198	1.043	0.873
183.000	0.218	1.201	1.042	0.872
184.000	0.218	1.196	1.042	0.871
185.000	0.219	1.205	1.043	0.872
186.000	0.216	1.206	1.042	0.871
187.000	0.218	1.209	1.045	0.874
188.000	0.218	1.206	1.042	0.870
189.000	0.218	1.206	1.042	0.871
190.000	0.219	1.206	1.042	0.870
191.000	0.224	1.208	1.044	0.871
192.000	0.219	1.205	1.042	0.874
193.000	0.221	1.203	1.044	0.871
194.000	0.221	1.195	1.043	0.872
195.000	0.221	1.197	1.044	0.874
196.000	0.223	1.203	1.042	0.872
197.000	0.224	1.201	1.042	0.870
198.000	0.228	1.205	1.044	0.871
199.000	0.225	1.205	1.044	0.871
200.000	0.226	1.205	1.044	0.876
201.000	0.225	1.205	1.043	0.872
202.000	0.226	1.204	1.044	0.870
203.000	0.227	1.204	1.043	0.872
204.000	0.228	1.205	1.043	0.873
205.000	0.226	1.196	1.043	0.874
206.000	0.228	1.197	1.043	0.872
207.000	0.228	1.205	1.044	0.872
208.000	0.231	1.197	1.043	0.872
209.000	0.230	1.196	1.043	0.875
210.000	0.230	1.196	1.044	0.874
211.000	0.231	1.201	1.043	0.874
212.000	0.237	1.201	1.043	0.871
213.000	0.235	1.205	1.044	0.872
214.000	0.232	1.207	1.046	0.874
215.000	0.233	1.206	1.044	0.873
216.000	0.240	1.206	1.044	0.872
217.000	0.239	1.206	1.044	0.871
218.000	0.238	1.197	1.043	0.874
219.000	0.237	1.196	1.042	0.871
220.000	0.241	1.196	1.043	0.873
221.000	0.241	1.196	1.042	0.873
222.000	0.244	1.196	1.043	0.874
223.000	0.242	1.196	1.042	0.874
224.000	0.243	1.205	1.043	0.874
225.000	0.245	1.197	1.043	0.874
226.000	0.244	1.196	1.043	0.875
227.000	0.245	1.196	1.043	0.876
228.000	0.244	1.196	1.042	0.873
229.000	0.246	1.196	1.043	0.872
230.000	0.248	1.196	1.043	0.875
231.000	0.248	1.196	1.045	0.875
232.000	0.247	1.196	1.042	0.874
233.000	0.251	1.196	1.043	0.874
234.000	0.252	1.196	1.043	0.873
235.000	0.250	1.196	1.042	0.873
236.000	0.250	1.196	1.043	0.872
237.000	0.249	1.196	1.042	0.873
238.000	0.252	1.196	1.042	0.872
239.000	0.250	1.196	1.044	0.874
240.000	0.161	1.196	1.043	0.873
241.000	0.160	1.195	1.043	0.874
242.000	0.164	1.195	1.044	0.873
243.000	0.162	1.195	1.043	0.871
244.000	0.162	1.196	1.043	0.874
245.000	0.162	1.196	1.042	0.874
246.000	0.166	1.196	1.046	0.874
247.000	0.160	1.196	1.044	0.874
248.000	0.162	1.196	1.043	0.871
249.000	0.163	1.196	1.045	0.877
250.000	0.163	1.196	1.047	0.878
251.000	0.167	1.196	1.043	0.875
252.000	0.164	1.196	1.046	0.874
253.000	0.166	1.196	1.045	0.876
254.000	0.165	1.196	1.045	0.875
255.000	0.165	1.196	1.045	0.875
256.000	0.166	1.196	1.043	0.875
257.000	0.166	1.196	1.047	0.876
258.000	0.165	1.196	1.043	0.872
259.000	0.166	1.196	1.047	0.876
260.000	0.166	1.196	1.043	0.871
261.000	0.164	1.195	1.044	0.874
262.000	0.167	1.187	1.043	0.869
263.000	0.167	1.196	1.045	0.875
264.000	0.168	1.187	1.043	0.870
265.000	0.164	1.188	1.043	0.869
266.000	0.166	1.196	1.045	0.874
267.000	0.170	1.196	1.043	0.874
268.000	0.168	1.196	1.046	0.878
269.000	0.169	1.196	1.045	0.874
270.000	0.170	1.196	1.044	0.875
271.000	0.165	1.198	1.045	0.876
272.000	0.171	1.197	1.046	0.877
273.000	0.168	1.196	1.045	0.875
274.000	0.170	1.198	1.046	0.878
275.000	0.171	1.196	1.047	0.876
276.000	0.171	1.196	1.046	0.876
277.000	0.173	1.196	1.049	0.878
278.000	0.171	1.197	1.046	0.875
279.000	0.171	1.197	1.045	0.876
280.000	0.173	1.197	1.047	0.878
281.000	0.173	1.197	1.046	0.876
282.000	0.173	1.196	1.046	0.877
283.000	0.173	1.197	1.046	0.877
284.000	0.172	1.196	1.047	0.877
285.000	0.174	1.197	1.045	0.878
286.000	0.175	1.196	1.046	0.876
287.000	0.176	1.196	1.048	0.878
288.000	0.171	1.189	1.043	0.870
289.000	0.170	1.188	1.044	0.870
290.000	0.173	1.196	1.046	0.877
291.000	0.175	1.196	1.048	0.878
292.000	0.175	1.196	1.046	0.875
293.000	0.172	1.196	1.044	0.873
294.000	0.172	1.193	1.044	0.874
295.000	0.176	1.196	1.044	0.874
296.000	0.175	1.195	1.045	0.876
297.000	0.175	1.196	1.045	0.876
298.000	0.176	1.196	1.046	0.876
299.000	0.177	1.196	1.047	0.877
300.000	0.173	1.196	1.047	0.876
301.000	0.175	1.196	1.050	0.877
302.000	0.176	1.187	1.043	0.870
303.000	0.173	1.188	1.043	0.870
304.000	0.174	1.187	1.047	0.870
305.000	0.176	1.187	1.044	0.870
306.000	0.175	1.188	1.045	0.872
307.000	0.176	1.185	1.044	0.869
308.000	0.174	1.187	1.045	0.871
309.000	0.173	1.185	1.046	0.870
310.000	0.170	1.187	1.044	0.870
311.000	0.175	1.189	1.046	0.871
312.000	0.178	1.191	1.048	0.870
313.000	0.175	1.188	1.047	0.871
314.000	0.176	1.186	1.045	0.869
315.000	0.179	1.187	1.048	0.871
316.000	0.177	1.189	1.045	0.871
317.000	0.179	1.187	1.044	0.870
318.000	0.177	1.189	1.044	0.871
319.000	0.174	1.186	1.043	0.869
320.000	0.179	1.189	1.047	0.871
321.000	0.179	1.187	1.047	0.871
322.000	0.178	1.188	1.047	0.870
323.000	0.180	1.186	1.046	0.871
324.000	0.180	1.187	1.045	0.871
325.000	0.176	1.187	1.047	0.870
326.000	0.180	1.186	1.045	0.869
327.000	0.176	1.188	1.047	0.871
328.000	0.179	1.190	1.047	0.871
329.000	0.177	1.189	1.045	0.870
330.000	0.179	1.188	1.047	0.871
331.000	0.178	1.188	1.045	0.871
332.000	0.180	1.189	1.045	0.871
333.000	0.179	1.186	1.046	0.869
334.000	0.181	1.189	1.046	0.869
335.000	0.181	1.189	1.045	0.871
336.000	0.181	1.187	1.045	0.869
337.000	0.180	1.186	1.048	0.871
338.000	0.181	1.188	1.045	0.873
339.000	0.182	1.187	1.045	0.869
340.000	0.185	1.188	1.046	0.870
341.000	0.182	1.188	1.043	0.871
342.000	0.181	1.188	1.046	0.870
343.000	0.185	1.188	1.045	0.871
344.000	0.185	1.189	1.049	0.870
345.000	0.186	1.192	1.049	0.874
346.000	0.185	1.191	1.048	0.872
347.000	0.185	1.190	1.047	0.872
348.000	0.182	1.192	1.052	0.876
349.000	0.181	1.189	1.049	0.871
350.000	0.186	1.194	1.051	0.872
351.000	0.185	1.193	1.050	0.874
352.000	0.186	1.189	1.048	0.870
353.000	0.184	1.191	1.047	0.872
354.000	0.188	1.190	1.048	0.873
355.000	0.190	1.189	1.049	0.872
356.000	0.186	1.191	1.050	0.870
357.000	0.187	1.190	1.051	0.874
358.000	0.190	1.189	1.050	0.871
359.000	0.188	1.193	1.050	0.873
360.000	0.188	1.191	1.050	0.872
361.000	0.191	1.191	1.049	0.876
362.000	0.187	1.191	1.048	0.873
363.000	0.189	1.193	1.050	0.871
364.000	0.190	1.191	1.049	0.871
365.000	0.188	1.194	1.051	0.872
366.000	0.188	1.188	1.045	0.870
367.000	0.186	1.189	1.046	0.872
368.000	0.187	1.189	1.048	0.872
369.000	0.190	1.190	1.048	0.870
370.000	0.187	1.187	1.047	0.872
371.000	0.189	1.192	1.049	0.873
372.000	0.187	1.191	1.049	0.875
373.000	0.188	1.192	1.050	0.870
374.000	0.187	1.188	1.046	0.869
375.000	0.190	1.187	1.045	0.870
376.000	0.190	1.188	1.046	0.869
377.000	0.189	1.189	1.049	0.870
378.000	0.190	1.191	1.046	0.870
379.000	0.192	1.188	1.048	0.869
380.000	0.191	1.191	1.048	0.872
381.000	0.192	1.187	1.045	0.869
382.000	0.191	1.187	1.048	0.870
383.000	0.190	1.186	1.046	0.870
384.000	0.191	1.189	1.047	0.872
385.000	0.193	1.190	1.047	0.870
386.000	0.193	1.187	1.047	0.869
387.000	0.191	1.187	1.046	0.869
388.000	0.191	1.188	1.046	0.871
389.000	0.192	1.187	1.047	0.871
390.000	0.191	1.187	1.044	0.871
391.000	0.193	1.187	1.047	0.871
392.000	0.195	1.187	1.045	0.870
393.000	0.196	1.188	1.046	0.869
394.000	0.195	1.186	1.048	0.871
395.000	0.194	1.189	1.045	0.871
396.000	0.195	1.189	1.049	0.872
397.000	0.196	1.188	1.045	0.870
398.000	0.194	1.188	1.048	0.870
399.000	0.196	1.186	1.046	0.869
400.000	0.199	1.188	1.049	0.874
401.000	0.199	1.186	1.046	0.870
402.000	0.197	1.189	1.047	0.872
403.000	0.194	1.190	1.049	0.871
404.000	0.198	1.189	1.050	0.872
405.000	0.197	1.188	1.045	0.871
406.000	0.196	1.187	1.045	0.870
407.000	0.197	1.189	1.049	0.871
408.000	0.200	1.186	1.047	0.870
409.000	0.200	1.186	1.044	0.869
410.000	0.203	1.188	1.048	0.871
411.000	0.202	1.191	1.047	0.872
412.000	0.197	1.187	1.045	0.870
413.000	0.201	1.188	1.047	0.871
414.000	0.201	1.189	1.048	0.872
415.000	0.201	1.187	1.046	0.872
416.000	0.202	1.190	1.049	0.870
417.000	0.201	1.190	1.048	0.873
418.000	0.203	1.187	1.048	0.871
419.000	0.202	1.189	1.048	0.871
420.000	0.202	1.191	1.048	0.872
421.000	0.202	1.187	1.049	0.871
422.000	0.201	1.189	1.050	0.872
423.000	0.203	1.190	1.047	0.871
424.000	0.203	1.188	1.049	0.872
425.000	0.205	1.188	1.047	0.870
426.000	0.204	1.191	1.046	0.871
427.000	0.208	1.188	1.047	0.870
428.000	0.205	1.190	1.048	0.873
429.000	0.201	1.187	1.048	0.869
430.000	0.209	1.191	1.047	0.872
431.000	0.205	1.189	1.049	0.871
432.000	0.203	1.189	1.048	0.873
433.000	0.206	1.187	1.048	0.871
434.000	0.205	1.188	1.045	0.871
435.000	0.204	1.192	1.049	0.871
436.000	0.205	1.187	1.046	0.870
437.000	0.207	1.187	1.045	0.871
438.000	0.205	1.189	1.049	0.872
439.000	0.207	1.190	1.048	0.871
440.000	0.205	1.190	1.047	0.872
441.000	0.207	1.188	1.051	0.872
442.000	0.209	1.186	1.045	0.871
443.000	0.210	1.188	1.049	0.872
444.000	0.211	1.189	1.046	0.872
445.000	0.212	1.187	1.047	0.874
446.000	0.209	1.187	1.047	0.870
447.000	0.209	1.190	1.049	0.873
448.000	0.208	1.189	1.047	0.873
449.000	0.212	1.186	1.047	0.870
450.000	0.211	1.190	1.049	0.873
451.000	0.211	1.186	1.045	0.870
452.000	0.211	1.189	1.050	0.871
453.000	0.210	1.190	1.049	0.873
454.000	0.212	1.191	1.049	0.875
455.000	0.213	1.189	1.048	0.872
456.000	0.215	1.187	1.051	0.873
457.000	0.214	1.187	1.046	0.871
458.000	0.213	1.188	1.047	0.875
459.000	0.214	1.189	1.048	0.873
460.000	0.213	1.189	1.050	0.873
461.000	0.213	1.192	1.046	0.872
462.000	0.215	1.191	1.048	0.871
463.000	0.214	1.187	1.046	0.872
464.000	0.215	1.188	1.048	0.872
465.000	0.214	1.189	1.046	0.870
466.000	0.214	1.190	1.048	0.872
467.000	0.212	1.189	1.050	0.871
468.000	0.217	1.188	1.047	0.872
469.000	0.214	1.187	1.049	0.872
470.000	0.215	1.186	1.045	0.870
471.000	0.214	1.186	1.048	0.870
472.000	0.215	1.187	1.046	0.871
473.000	0.219	1.189	1.045	0.872
474.000	0.217	1.188	1.046	0.870
475.000	0.219	1.188	1.049	0.871
476.000	0.214	1.190	1.046	0.872
477.000	0.219	1.186	1.046	0.871
478.000	0.218	1.190	1.049	0.872
479.000	0.164	1.187	1.044	0.870
480.000	0.161	1.188	1.046	0.872
481.000	0.165	1.187	1.046	0.871
482.000	0.169	1.188	1.046	0.870
483.000	0.167	1.189	1.049	0.871
484.000	0.169	1.187	1.045	0.870
485.000	0.167	1.196	1.048	0.874
486.000	0.166	1.196	1.048	0.876
487.000	0.169	1.196	1.049	0.874
488.000	0.161	1.184	1.038	0.869
489.000	0.160	1.189	1.039	0.869
490.000	0.160	1.179	1.041	0.875
491.000	0.159	1.170	1.040	0.872
492.000	0.160	1.169	1.039	0.870
493.000	0.159	1.170	1.038	0.871
494.000	0.159	1.171	1.039	0.872
495.000	0.161	1.169	1.038	0.870
496.000	0.160	1.172	1.041	0.871
497.000	0.159	1.173	1.039	0.872
498.000	0.161	1.173	1.041	0.873
499.000	0.162	1.172	1.039	0.872
500.000	0.161	1.173	1.039	0.871
501.000	0.161	1.175	1.041	0.874
502.000	0.161	1.175	1.041	0.873
503.000	0.161	1.176	1.041	0.877
504.000	0.163	1.175	1.042	0.877
505.000	0.160	1.175	1.041	0.873
506.000	0.159	1.175	1.041	0.876
507.000	0.160	1.176	1.042	0.876
508.000	0.160	1.175	1.041	0.872
509.000	0.157	1.175	1.041	0.877
510.000	0.160	1.175	1.042	0.875
511.000	0.159	1.175	1.040	0.872
512.000	0.160	1.176	1.042	0.875
513.000	0.163	1.173	1.040	0.871
514.000	0.162	1.173	1.041	0.872
515.000	0.157	1.176	1.041	0.874
516.000	0.161	1.174	1.040	0.873
517.000	0.162	1.175	1.041	0.874
518.000	0.159	1.176	1.042	0.875
519.000	0.163	1.175	1.041	0.875
520.000	0.162	1.175	1.041	0.873
521.000	0.159	1.172	1.041	0.873
522.000	0.161	1.176	1.040	0.874
523.000	0.161	1.175	1.041	0.871
524.000	0.164	1.176	1.042	0.871
525.000	0.162	1.176	1.041	0.873
526.000	0.163	1.174	1.038	0.873
527.000	0.160	1.175	1.041	0.873
528.000	0.161	1.175	1.041	0.871
529.000	0.162	1.174	1.040	0.872
530.000	0.164	1.176	1.042	0.875
531.000	0.163	1.175	1.041	0.872
532.000	0.163	1.176	1.042	0.875
533.000	0.163	1.174	1.040	0.873
534.000	0.164	1.173	1.041	0.872
535.000	0.161	1.172	1.040	0.871
536.000	0.165	1.175	1.041	0.873
537.000	0.163	1.173	1.040	0.872
538.000	0.161	1.174	1.040	0.873
539.000	0.163	1.175	1.040	0.873
540.000	0.163	1.174	1.041	0.870
541.000	0.163	1.174	1.041	0.872
542.000	0.164	1.174	1.041	0.873
543.000	0.162	1.176	1.041	0.874
544.000	0.161	1.176	1.041	0.873
545.000	0.163	1.175	1.042	0.873
546.000	0.163	1.176	1.041	0.874
547.000	0.165	1.174	1.041	0.873
548.000	0.164	1.175	1.040	0.872
549.000	0.165	1.175	1.039	0.871
550.000	0.162	1.174	1.042	0.871
551.000	0.162	1.174	1.041	0.872
552.000	0.167	1.174	1.042	0.874
553.000	0.164	1.172	1.040	0.872
554.000	0.164	1.176	1.041	0.874
555.000	0.166	1.174	1.040	0.872
556.000	0.163	1.171	1.040	0.872
557.000	0.164	1.170	1.039	0.870
558.000	0.166	1.176	1.039	0.873
559.000	0.164	1.175	1.041	0.870
560.000	0.164	1.172	1.038	0.871
561.000	0.165	1.174	1.042	0.869
562.000	0.164	1.175	1.040	0.871
563.000	0.163	1.174	1.039	0.873
564.000	0.163	1.174	1.041	0.874
565.000	0.164	1.175	1.041	0.873
566.000	0.164	1.174	1.040	0.870
567.000	0.159	1.173	1.040	0.871
568.000	0.166	1.173	1.040	0.872
569.000	0.162	1.174	1.040	0.870
570.000	0.164	1.174	1.040	0.870
571.000	0.166	1.174	1.040	0.873
572.000	0.163	1.174	1.040	0.871
573.000	0.164	1.172	1.041	0.871
574.000	0.165	1.174	1.039	0.871
575.000	0.166	1.174	1.040	0.873
576.000	0.165	1.171	1.040	0.870
577.000	0.164	1.172	1.039	0.871
578.000	0.164	1.173	1.039	0.870
579.000	0.164	1.173	1.039	0.870
580.000	0.166	1.176	1.042	0.874
581.000	0.164	1.175	1.041	0.872
582.000	0.163	1.169	1.037	0.869
583.000	0.166	1.176	1.040	0.871
584.000	0.166	1.172	1.039	0.871
585.000	0.164	1.173	1.040	0.871
586.000	0.166	1.175	1.039	0.871
587.000	0.165	1.170	1.041	0.870
588.000	0.165	1.171	1.036	0.871
589.000	0.164	1.171	1.038	0.872
590.000	0.164	1.175	1.041	0.871
591.000	0.168	1.172	1.039	0.870
592.000	0.165	1.176	1.040	0.870
593.000	0.167	1.173	1.040	0.871
594.000	0.168	1.170	1.035	0.869
595.000	0.167	1.172	1.037	0.869
596.000	0.166	1.172	1.038	0.870
597.000	0.164	1.171	1.038	0.871
598.000	0.170	1.174	1.041	0.873
599.000	0.166	1.172	1.037	0.870
600.000	0.168	1.172	1.039	0.871
601.000	0.165	1.174	1.040	0.873
602.000	0.164	1.172	1.039	0.870
603.000	0.167	1.172	1.039	0.872
604.000	0.168	1.173	1.039	0.872
605.000	0.168	1.171	1.040	0.870
606.000	0.165	1.174	1.042	0.872
607.000	0.165	1.175	1.041	0.869
608.000	0.166	1.176	1.039	0.870
609.000	0.166	1.174	1.038	0.871
610.000	0.167	1.173	1.040	0.870
611.000	0.167	1.174	1.040	0.871
612.000	0.167	1.174	1.041	0.871
613.000	0.166	1.172	1.039	0.870
614.000	0.166	1.172	1.039	0.872
615.000	0.167	1.171	1.039	0.870
616.000	0.166	1.168	1.036	0.870
617.000	0.169	1.174	1.040	0.873
618.000	0.168	1.172	1.040	0.873
619.000	0.167	1.174	1.040	0.871
620.000	0.167	1.172	1.040	0.871
621.000	0.167	1.173	1.038	0.871
622.000	0.167	1.175	1.041	0.871
623.000	0.167	1.174	1.039	0.871
624.000	0.170	1.172	1.040	0.873
625.000	0.166	1.172	1.037	0.869
626.000	0.171	1.173	1.039	0.869
627.000	0.168	1.175	1.041	0.873
628.000	0.169	1.176	1.040	0.872
629.000	0.167	1.173	1.039	0.869
630.000	0.169	1.175	1.042	0.871
631.000	0.168	1.174	1.040	0.872
632.000	0.168	1.173	1.039	0.872
633.000	0.169	1.176	1.041	0.871
634.000	0.172	1.175	1.040	0.872
635.000	0.167	1.169	1.039	0.870
636.000	0.168	1.174	1.041	0.871
637.000	0.168	1.165	1.041	0.873
638.000	0.167	1.165	1.038	0.871
639.000	0.168	1.165	1.041	0.871
640.000	0.166	1.165	1.041	0.874
641.000	0.167	1.165	1.042	0.874
642.000	0.171	1.165	1.041	0.872
643.000	0.170	1.165	1.042	0.873
644.000	0.168	1.164	1.040	0.872
645.000	0.169	1.165	1.042	0.872
646.000	0.169	1.165	1.042	0.870
647.000	0.169	1.165	1.041	0.874
648.000	0.170	1.165	1.041	0.871
649.000	0.167	1.165	1.040	0.871
650.000	0.170	1.164	1.041	0.870
651.000	0.169	1.165	1.040	0.873
652.000	0.171	1.165	1.042	0.873
653.000	0.174	1.165	1.039	0.872
654.000	0.171	1.165	1.042	0.872
655.000	0.171	1.165	1.040	0.870
656.000	0.171	1.165	1.041	0.870
657.000	0.171	1.165	1.041	0.872
658.000	0.170	1.165	1.040	0.870
659.000	0.172	1.165	1.041	0.873
660.000	0.172	1.165	1.040	0.873
661.000	0.171	1.165	1.041	0.870
662.000	0.172	1.164	1.041	0.869
663.000	0.170	1.165	1.040	0.872
664.000	0.170	1.165	1.041	0.871
665.000	0.172	1.165	1.042	0.870
666.000	0.172	1.164	1.040	0.869
667.000	0.172	1.164	1.039	0.869
668.000	0.174	1.165	1.041	0.872
669.000	0.172	1.165	1.041	0.872
670.000	0.171	1.165	1.039	0.869
671.000	0.171	1.165	1.040	0.871
672.000	0.172	1.165	1.041	0.872
673.000	0.168	1.165	1.041	0.870
674.000	0.172	1.165	1.041	0.870
675.000	0.171	1.166	1.040	0.870
676.000	0.175	1.165	1.040	0.871
677.000	0.176	1.165	1.039	0.870
678.000	0.173	1.165	1.040	0.870
679.000	0.174	1.166	1.040	0.870
680.000	0.174	1.165	1.041	0.871
681.000	0.171	1.165	1.040	0.870
682.000	0.171	1.165	1.041	0.871
683.000	0.173	1.165	1.041	0.871
684.000	0.173	1.165	1.038	0.869
685.000	0.178	1.165	1.040	0.869
686.000	0.171	1.165	1.039	0.869
687.000	0.172	1.165	1.041	0.873
688.000	0.175	1.165	1.041	0.870
689.000	0.175	1.165	1.040	0.869
690.000	0.173	1.165	1.039	0.869
691.000	0.176	1.164	1.039	0.870
692.000	0.174	1.165	1.042	0.870
693.000	0.174	1.165	1.041	0.871
694.000	0.176	1.165	1.041	0.869
695.000	0.175	1.165	1.042	0.872
696.000	0.174	1.165	1.042	0.870
697.000	0.175	1.165	1.042	0.871
698.000	0.176	1.165	1.040	0.869
699.000	0.175	1.165	1.041	0.870
700.000	0.175	1.165	1.041	0.869
701.000	0.177	1.165	1.040	0.870
702.000	0.175	1.165	1.041	0.869
703.000	0.175	1.165	1.041	0.871
704.000	0.176	1.165	1.040	0.870
705.000	0.178	1.165	1.042	0.871
706.000	0.177	1.165	1.040	0.870
707.000	0.178	1.165	1.040	0.869
708.000	0.176	1.165	1.041	0.870
709.000	0.177	1.165	1.040	0.870
710.000	0.175	1.165	1.041	0.869
711.000	0.178	1.165	1.042	0.871
712.000	0.177	1.164	1.040	0.872
713.000	0.178	1.165	1.041	0.869
714.000	0.179	1.165	1.040	0.870
715.000	0.182	1.165	1.040	0.869
716.000	0.174	1.165	1.039	0.871
717.000	0.180	1.165	1.040	0.869
718.000	0.149	1.155	1.040	0.869
719.000	0.148	1.162	1.039	0.870
720.000	0.147	1.165	1.039	0.869
721.000	0.148	1.164	1.040	0.870
722.000	0.150	1.163	1.040	0.870
723.000	0.151	1.164	1.041	0.869
724.000	0.153	1.165	1.041	0.872
725.000	0.152	1.165	1.040	0.870
726.000	0.153	1.165	1.040	0.870
727.000	0.152	1.164	1.041	0.869
728.000	0.151	1.165	1.042	0.869
729.000	0.153	1.164	1.041	0.871
730.000	0.153	1.164	1.041	0.870
731.000	0.152	1.165	1.041	0.870
732.000	0.153	1.165	1.040	0.870
733.000	0.153	1.164	1.041	0.869
734.000	0.152	1.164	1.040	0.869
735.000	0.150	1.165	1.042	0.870
736.000	0.153	1.164	1.041	0.868
737.000	0.153	1.165	1.040	0.869
738.000	0.151	1.165	1.042	0.869
739.000	0.153	1.165	1.041	0.869
740.000	0.152	1.165	1.041	0.869
741.000	0.151	1.164	1.041	0.869
742.000	0.152	1.165	1.042	0.870
743.000	0.152	1.165	1.041	0.869
744.000	0.154	1.165	1.042	0.870
745.000	0.151	1.164	1.040	0.870
746.000	0.151	1.165	1.039	0.872
747.000	0.153	1.165	1.039	0.870
748.000	0.155	1.165	1.038	0.869
749.000	0.149	1.164	1.041	0.870
750.000	0.152	1.165	1.039	0.869
751.000	0.152	1.165	1.040	0.869
752.000	0.152	1.165	1.041	0.871
753.000	0.156	1.164	1.041	0.869
754.000	0.153	1.165	1.042	0.869
755.000	0.156	1.164	1.042	0.870
756.000	0.156	1.164	1.040	0.869
757.000	0.153	1.165	1.042	0.869
758.000	0.156	1.165	1.041	0.871
759.000	0.154	1.165	1.041	0.870
760.000	0.155	1.165	1.040	0.869
761.000	0.153	1.165	1.042	0.869
762.000	0.153	1.165	1.040	0.869
763.000	0.152	1.165	1.039	0.869
764.000	0.156	1.165	1.038	0.869
765.000	0.154	1.165	1.040	0.871
766.000	0.154	1.164	1.039	0.869
767.000	0.154	1.166	1.042	0.870
768.000	0.156	1.165	1.042	0.871
769.000	0.153	1.165	1.041	0.869
770.000	0.154	1.165	1.042	0.871
771.000	0.155	1.165	1.042	0.870
772.000	0.155	1.165	1.042	0.870
773.000	0.152	1.165	1.041	0.870
774.000	0.155	1.165	1.041	0.871
775.000	0.153	1.165	1.042	0.870
776.000	0.155	1.165	1.042	0.870
777.000	0.154	1.166	1.041	0.871
778.000	0.156	1.165	1.042	0.871
779.000	0.155	1.165	1.040	0.869
780.000	0.157	1.165	1.042	0.870
781.000	0.154	1.165	1.041	0.871
782.000	0.155	1.165	1.042	0.871
783.000	0.155	1.165	1.042	0.869
784.000	0.158	1.165	1.041	0.870
785.000	0.154	1.166	1.042	0.871
786.000	0.154	1.165	1.041	0.870
787.000	0.160	1.165	1.042	0.870
788.000	0.156	1.165	1.043	0.871
789.000	0.158	1.165	1.042	0.870
790.000	0.157	1.164	1.042	0.869
791.000	0.159	1.165	1.041	0.870
792.000	0.156	1.165	1.042	0.869
793.000	0.155	1.165	1.042	0.871
794.000	0.153	1.165	1.042	0.870
795.000	0.154	1.165	1.040	0.869
796.000	0.156	1.165	1.042	0.871
797.000	0.154	1.165	1.040	0.869
798.000	0.154	1.165	1.041	0.869
799.000	0.156	1.165	1.042	0.871
800.000	0.157	1.165	1.042	0.871
801.000	0.160	1.165	1.040	0.870
802.000	0.156	1.165	1.041	0.870
803.000	0.157	1.165	1.040	0.870
804.000	0.153	1.165	1.042	0.872
805.000	0.156	1.165	1.042	0.871
806.000	0.158	1.165	1.041	0.871
807.000	0.154	1.165	1.041	0.870
808.000	0.154	1.166	1.042	0.870
809.000	0.159	1.165	1.041	0.870
810.000	0.154	1.165	1.042	0.870
811.000	0.157	1.165	1.041	0.870
812.000	0.156	1.165	1.041	0.871
813.000	0.159	1.165	1.041	0.869
814.000	0.158	1.165	1.041	0.870
815.000	0.158	1.165	1.042	0.871
816.000	0.157	1.165	1.042	0.870
817.000	0.157	1.165	1.042	0.871
818.000	0.157	1.165	1.041	0.869
819.000	0.155	1.165	1.041	0.869
820.000	0.159	1.165	1.041	0.870
821.000	0.159	1.165	1.041	0.870
822.000	0.156	1.165	1.041	0.869
823.000	0.158	1.165	1.040	0.871
824.000	0.159	1.165	1.042	0.869
825.000	0.157	1.164	1.040	0.870
826.000	0.158	1.165	1.039	0.869
827.000	0.154	1.165	1.041	0.869
828.000	0.158	1.165	1.042	0.869
829.000	0.157	1.165	1.041	0.869
830.000	0.158	1.165	1.042	0.870
831.000	0.158	1.165	1.041	0.870
832.000	0.159	1.165	1.041	0.869
833.000	0.159	1.165	1.041	0.869
834.000	0.157	1.165	1.042	0.870
835.000	0.158	1.165	1.039	0.870
836.000	0.157	1.165	1.040	0.869
837.000	0.161	1.165	1.041	0.870
838.000	0.159	1.165	1.041	0.870
839.000	0.157	1.165	1.042	0.872
840.000	0.158	1.165	1.042	0.870
841.000	0.158	1.164	1.041	0.871
842.000	0.159	1.165	1.042	0.869
843.000	0.158	1.165	1.041	0.870
844.000	0.159	1.164	1.040	0.869
845.000	0.157	1.164	1.041	0.870
846.000	0.157	1.165	1.041	0.870
847.000	0.157	1.165	1.041	0.869
848.000	0.160	1.164	1.042	0.869
849.000	0.158	1.165	1.040	0.869
850.000	0.158	1.165	1.041	0.869
851.000	0.161	1.165	1.041	0.869
852.000	0.159	1.165	1.041	0.870
853.000	0.160	1.165	1.041	0.870
854.000	0.162	1.164	1.042	0.872
855.000	0.160	1.165	1.042	0.871
856.000	0.160	1.165	1.040	0.869
857.000	0.161	1.165	1.042	0.869
858.000	0.162	1.165	1.041	0.869
859.000	0.162	1.165	1.040	0.869
860.000	0.161	1.165	1.042	0.870
861.000	0.161	1.165	1.041	0.869
862.000	0.159	1.165	1.041	0.869
863.000	0.158	1.165	1.042	0.870
864.000	0.164	1.165	1.041	0.869
865.000	0.162	1.165	1.042	0.870
866.000	0.157	1.165	1.042	0.869
867.000	0.159	1.165	1.041	0.869
868.000	0.158	1.165	1.042	0.869
869.000	0.159	1.165	1.041	0.869
870.000	0.162	1.164	1.039	0.869
871.000	0.162	1.165	1.042	0.869
872.000	0.162	1.164	1.040	0.871
873.000	0.161	1.165	1.041	0.869
874.000	0.159	1.165	1.042	0.871
875.000	0.164	1.165	1.041	0.870
876.000	0.160	1.165	1.040	0.870
877.000	0.159	1.165	1.041	0.870
878.000	0.163	1.165	1.042	0.870
879.000	0.164	1.165	1.038	0.870
880.000	0.163	1.165	1.041	0.871
881.000	0.165	1.165	1.040	0.870
882.000	0.162	1.165	1.042	0.869
883.000	0.161	1.165	1.041	0.870
884.000	0.162	1.165	1.040	0.870
885.000	0.161	1.165	1.042	0.869
886.000	0.164	1.165	1.041	0.872
887.000	0.162	1.165	1.039	0.869
888.000	0.159	1.165	1.042	0.869
889.000	0.164	1.165	1.041	0.869
890.000	0.164	1.165	1.041	0.871
891.000	0.161	1.165	1.042	0.870
892.000	0.163	1.165	1.041	0.869
893.000	0.163	1.164	1.042	0.869
894.000	0.165	1.165	1.041	0.869
895.000	0.164	1.165	1.042	0.870
896.000	0.163	1.165	1.040	0.870
897.000	0.165	1.165	1.041	0.869
898.000	0.163	1.165	1.042	0.869
899.000	0.162	1.165	1.040	0.869
900.000	0.165	1.165	1.038	0.869
901.000	0.164	1.165	1.041	0.870
902.000	0.161	1.165	1.042	0.869
903.000	0.164	1.165	1.040	0.870
904.000	0.162	1.165	1.041	0.869
905.000	0.163	1.165	1.041	0.870
906.000	0.166	1.165	1.042	0.871
907.000	0.162	1.165	1.042	0.870
908.000	0.163	1.165	1.041	0.869
909.000	0.161	1.165	1.039	0.870
910.000	0.164	1.165	1.042	0.870
911.000	0.159	1.165	1.042	0.870
912.000	0.162	1.164	1.041	0.869
913.000	0.167	1.165	1.040	0.869
914.000	0.168	1.165	1.039	0.869
915.000	0.164	1.165	1.042	0.870
916.000	0.166	1.165	1.041	0.870
917.000	0.164	1.165	1.040	0.869
918.000	0.164	1.165	1.042	0.870
919.000	0.165	1.165	1.041	0.870
920.000	0.163	1.165	1.040	0.869
921.000	0.163	1.165	1.040	0.869
922.000	0.163	1.165	1.042	0.871
923.000	0.165	1.165	1.042	0.870
924.000	0.167	1.165	1.040	0.869
925.000	0.166	1.165	1.041	0.870
926.000	0.165	1.165	1.041	0.870
927.000	0.168	1.165	1.041	0.869
928.000	0.166	1.165	1.040	0.870
929.000	0.166	1.165	1.039	0.869
930.000	0.165	1.165	1.041	0.871
931.000	0.164	1.165	1.040	0.871
932.000	0.167	1.164	1.039	0.869
933.000	0.166	1.165	1.042	0.869
934.000	0.165	1.165	1.041	0.871
935.000	0.165	1.165	1.042	0.870
936.000	0.165	1.165	1.040	0.870
937.000	0.166	1.165	1.042	0.870
938.000	0.163	1.165	1.040	0.869
939.000	0.166	1.165	1.041	0.871
940.000	0.164	1.165	1.042	0.871
941.000	0.165	1.165	1.039	0.869
942.000	0.165	1.164	1.040	0.870
943.000	0.166	1.165	1.040	0.869
944.000	0.168	1.165	1.041	0.871
945.000	0.163	1.165	1.042	0.869
946.000	0.167	1.165	1.041	0.869
947.000	0.166	1.165	1.039	0.870
948.000	0.167	1.164	1.041	0.870
949.000	0.167	1.165	1.042	0.871
950.000	0.169	1.165	1.041	0.871
951.000	0.168	1.165	1.041	0.869
952.000	0.166	1.165	1.041	0.869
953.000	0.167	1.165	1.039	0.869
954.000	0.169	1.165	1.039	0.870
955.000	0.168	1.164	1.040	0.869
956.000	0.166	1.165	1.042	0.869
957.000	0.169	1.165	1.039	0.869
958.000	0.146	1.165	1.042	0.871
959.000	0.148	1.165	1.042	0.872
960.000	0.149	1.165	1.043	0.870
961.000	0.148	1.165	1.042	0.869
962.000	0.148	1.165	1.043	0.872
963.000	0.147	1.165	1.041	0.870
964.000	0.148	1.165	1.041	0.870
965.000	0.147	1.165	1.042	0.873
966.000	0.149	1.165	1.042	0.870
967.000	0.147	1.165	1.042	0.870
968.000	0.149	1.165	1.042	0.870
969.000	0.148	1.165	1.042	0.870
970.000	0.147	1.164	1.042	0.869
971.000	0.148	1.165	1.042	0.870
972.000	0.148	1.165	1.042	0.872
973.000	0.146	1.165	1.042	0.872
974.000	0.149	1.165	1.042	0.870
975.000	0.145	1.165	1.042	0.871
976.000	0.148	1.165	1.042	0.871
977.000	0.145	1.164	1.042	0.870
978.000	0.148	1.165	1.042	0.869
979.000	0.147	1.165	1.043	0.870
980.000	0.149	1.164	1.042	0.869
981.000	0.146	1.165	1.043	0.869
982.000	0.147	1.164	1.042	0.871
983.000	0.147	1.165	1.042	0.872
984.000	0.147	1.165	1.041	0.871
985.000	0.148	1.165	1.042	0.870
986.000	0.150	1.165	1.042	0.869
987.000	0.148	1.165	1.042	0.870
988.000	0.148	1.165	1.042	0.869
989.000	0.147	1.164	1.041	0.870
990.000	0.149	1.163	1.042	0.870
991.000	0.147	1.165	1.042	0.871
992.000	0.150	1.165	1.041	0.870
993.000	0.148	1.165	1.041	0.869
994.000	0.145	1.165	1.043	0.872
995.000	0.149	1.165	1.042	0.873
996.000	0.145	1.164	1.043	0.871
997.000	0.149	1.165	1.041	0.869
998.000	0.148	1.164	1.042	0.870
999.000	0.147	1.165	1.042	0.870
1000.000	0.145	1.163	1.042	0.869
1001.000	0.147	1.164	1.042	0.869
1002.000	0.149	1.165	1.042	0.869
1003.000	0.146	1.165	1.041	0.869
1004.000	0.146	1.165	1.042	0.869
1005.000	0.147	1.164	1.042	0.869
1006.000	0.145	1.165	1.042	0.869
1007.000	0.147	1.164	1.042	0.870
1008.000	0.148	1.165	1.042	0.871
1009.000	0.149	1.165	1.042	0.870
1010.000	0.148	1.165	1.042	0.869
1011.000	0.148	1.164	1.041	0.869
1012.000	0.148	1.164	1.042	0.869
1013.000	0.147	1.165	1.043	0.870
1014.000	0.146	1.165	1.042	0.869
1015.000	0.147	1.165	1.041	0.871
1016.000	0.150	1.165	1.042	0.869
1017.000	0.150	1.165	1.042	0.870
1018.000	0.146	1.164	1.042	0.869
1019.000	0.148	1.164	1.042	0.869
1020.000	0.150	1.163	1.042	0.870
1021.000	0.146	1.165	1.042	0.870
1022.000	0.149	1.165	1.041	0.869
1023.000	0.148	1.165	1.042	0.872
1024.000	0.149	1.165	1.040	0.870
1025.000	0.149	1.165	1.040	0.869
1026.000	0.149	1.164	1.042	0.870
1027.000	0.152	1.165	1.041	0.870
1028.000	0.147	1.164	1.042	0.869
1029.000	0.147	1.165	1.041	0.870
1030.000	0.149	1.165	1.042	0.870
1031.000	0.149	1.165	1.042	0.870
1032.000	0.151	1.165	1.041	0.870
1033.000	0.148	1.164	1.042	0.869
1034.000	0.147	1.165	1.042	0.871
1035.000	0.150	1.165	1.042	0.869
1036.000	0.150	1.165	1.042	0.870
1037.000	0.150	1.164	1.042	0.870
1038.000	0.150	1.165	1.042	0.871
1039.000	0.147	1.164	1.043	0.869
1040.000	0.149	1.165	1.041	0.869
1041.000	0.154	1.165	1.041	0.873
1042.000	0.147	1.165	1.042	0.870
1043.000	0.149	1.164	1.042	0.869
1044.000	0.153	1.165	1.039	0.871
1045.000	0.151	1.164	1.042	0.870
1046.000	0.151	1.165	1.042	0.870
1047.000	0.147	1.164	1.042	0.869
1048.000	0.149	1.165	1.041	0.870
1049.000	0.151	1.165	1.042	0.869
1050.000	0.148	1.165	1.042	0.870
1051.000	0.151	1.165	1.042	0.870
1052.000	0.151	1.165	1.043	0.869
1053.000	0.150	1.165	1.042	0.869
1054.000	0.152	1.169	1.042	0.876
1055.000	0.149	1.165	1.042	0.870
1056.000	0.151	1.165	1.042	0.870
1057.000	0.151	1.165	1.043	0.871
1058.000	0.152	1.166	1.042	0.870
1059.000	0.150	1.165	1.042	0.870
1060.000	0.150	1.165	1.042	0.870
1061.000	0.150	1.165	1.042	0.870
1062.000	0.152	1.164	1.042	0.870
1063.000	0.149	1.165	1.042	0.870
1064.000	0.151	1.165	1.042	0.869
1065.000	0.153	1.165	1.043	0.871
1066.000	0.148	1.164	1.042	0.869
1067.000	0.152	1.165	1.042	0.870
1068.000	0.151	1.165	1.042	0.870
1069.000	0.152	1.165	1.042	0.870
1070.000	0.151	1.165	1.044	0.872
1071.000	0.151	1.165	1.042	0.870
1072.000	0.151	1.165	1.041	0.869
1073.000	0.148	1.165	1.042	0.870
1074.000	0.150	1.165	1.043	0.870
1075.000	0.151	1.165	1.042	0.872
1076.000	0.152	1.165	1.042	0.869
1077.000	0.155	1.165	1.042	0.870
1078.000	0.150	1.165	1.043	0.872
1079.000	0.153	1.165	1.042	0.870
1080.000	0.150	1.165	1.041	0.870
1081.000	0.150	1.165	1.042	0.871
1082.000	0.151	1.165	1.043	0.870
1083.000	0.148	1.165	1.042	0.869
1084.000	0.147	1.165	1.042	0.869
1085.000	0.151	1.165	1.042	0.870
1086.000	0.153	1.168	1.043	0.870
1087.000	0.151	1.165	1.043	0.869
1088.000	0.154	1.165	1.042	0.871
1089.000	0.152	1.165	1.042	0.869
1090.000	0.150	1.165	1.042	0.870
1091.000	0.153	1.165	1.042	0.870
1092.000	0.152	1.165	1.044	0.872
1093.000	0.151	1.166	1.043	0.869
1094.000	0.153	1.165	1.041	0.870
1095.000	0.151	1.165	1.042	0.870
1096.000	0.151	1.165	1.042	0.869
1097.000	0.152	1.165	1.042	0.870
1098.000	0.150	1.165	1.042	0.870
1099.000	0.153	1.165	1.042	0.871
1100.000	0.152	1.166	1.042	0.869
1101.000	0.155	1.165	1.042	0.870
1102.000	0.152	1.165	1.042	0.869
1103.000	0.153	1.165	1.042	0.870
1104.000	0.157	1.165	1.043	0.873
1105.000	0.156	1.166	1.043	0.870
1106.000	0.154	1.165	1.042	0.869
1107.000	0.152	1.168	1.043	0.872
1108.000	0.153	1.165	1.042	0.872
1109.000	0.153	1.166	1.042	0.870
1110.000	0.155	1.165	1.042	0.870
1111.000	0.157	1.165	1.042	0.870
1112.000	0.155	1.165	1.042	0.869
1113.000	0.155	1.168	1.042	0.871
1114.000	0.156	1.166	1.043	0.873
1115.000	0.154	1.165	1.041	0.870
1116.000	0.155	1.165	1.042	0.869
1117.000	0.159	1.166	1.042	0.872
1118.000	0.153	1.166	1.043	0.870
1119.000	0.148	1.165	1.041	0.869
1120.000	0.153	1.165	1.042	0.870
1121.000	0.150	1.165	1.042	0.869
1122.000	0.150	1.165	1.042	0.872
1123.000	0.159	1.165	1.042	0.870
1124.000	0.152	1.168	1.043	0.871
1125.000	0.159	1.165	1.042	0.870
1126.000	0.155	1.166	1.042	0.869
1127.000	0.154	1.166	1.042	0.870
1128.000	0.157	1.168	1.043	0.871
1129.000	0.155	1.168	1.042	0.871
1130.000	0.153	1.166	1.042	0.872
1131.000	0.154	1.166	1.042	0.870
1132.000	0.153	1.166	1.043	0.872
1133.000	0.156	1.166	1.043	0.873
1134.000	0.155	1.165	1.042	0.871
1135.000	0.156	1.166	1.042	0.870
1136.000	0.155	1.166	1.043	0.871
1137.000	0.154	1.165	1.042	0.869
1138.000	0.155	1.166	1.043	0.872
1139.000	0.157	1.169	1.043	0.871
1140.000	0.155	1.166	1.042	0.870
1141.000	0.157	1.168	1.042	0.870
1142.000	0.154	1.168	1.042	0.870
1143.000	0.153	1.165	1.042	0.869
1144.000	0.157	1.166	1.043	0.871
1145.000	0.161	1.165	1.042	0.870
1146.000	0.156	1.165	1.041	0.870
1147.000	0.157	1.166	1.043	0.871
1148.000	0.157	1.166	1.042	0.873
1149.000	0.157	1.170	1.043	0.872
1150.000	0.155	1.165	1.042	0.870
1151.000	0.155	1.168	1.042	0.871
1152.000	0.154	1.165	1.042	0.872
1153.000	0.161	1.166	1.042	0.870
1154.000	0.156	1.169	1.043	0.871
1155.000	0.153	1.165	1.042	0.869
1156.000	0.153	1.166	1.042	0.870
1157.000	0.159	1.166	1.043	0.871
1158.000	0.158	1.166	1.042	0.870
1159.000	0.156	1.166	1.042	0.870
1160.000	0.159	1.166	1.043	0.869
1161.000	0.160	1.172	1.042	0.873
1162.000	0.159	1.174	1.042	0.874
1163.000	0.158	1.176	1.042	0.875
1164.000	0.159	1.175	1.043	0.875
1165.000	0.156	1.165	1.042	0.870
1166.000	0.156	1.165	1.043	0.870
1167.000	0.157	1.165	1.042	0.870
1168.000	0.154	1.166	1.041	0.870
1169.000	0.157	1.166	1.042	0.871
1170.000	0.157	1.165	1.042	0.870
1171.000	0.161	1.165	1.042	0.869
1172.000	0.158	1.175	1.043	0.875
1173.000	0.158	1.175	1.042	0.876
1174.000	0.160	1.176	1.042	0.876
1175.000	0.160	1.177	1.042	0.873
1176.000	0.158	1.177	1.045	0.876
1177.000	0.159	1.177	1.045	0.876
1178.000	0.162	1.176	1.043	0.877
1179.000	0.162	1.176	1.042	0.875
1180.000	0.162	1.176	1.047	0.878
1181.000	0.161	1.177	1.044	0.876
1182.000	0.162	1.176	1.042	0.873
1183.000	0.161	1.176	1.043	0.874
1184.000	0.157	1.176	1.044	0.877
1185.000	0.162	1.177	1.043	0.877
1186.000	0.162	1.177	1.044	0.877
1187.000	0.160	1.176	1.043	0.877
1188.000	0.159	1.176	1.043	0.874
1189.000	0.159	1.177	1.043	0.875
1190.000	0.165	1.177	1.043	0.875
1191.000	0.161	1.175	1.043	0.876
1192.000	0.161	1.176	1.042	0.875
1193.000	0.163	1.176	1.042	0.874
1194.000	0.161	1.175	1.042	0.874
1195.000	0.162	1.175	1.043	0.874
1196.000	0.163	1.177	1.044	0.876
1197.000	0.142	1.173	1.043	0.875
1198.000	0.141	1.173	1.044	0.874
1199.000	0.143	1.176	1.044	0.875
1200.000	0.142	1.174	1.042	0.873
1201.000	0.142	1.176	1.043	0.874
1202.000	0.145	1.176	1.044	0.874
1203.000	0.144	1.176	1.042	0.874
1204.000	0.144	1.173	1.041	0.874
1205.000	0.142	1.174	1.042	0.874
1206.000	0.144	1.174	1.042	0.875
1207.000	0.144	1.174	1.043	0.875
1208.000	0.140	1.173	1.042	0.872
1209.000	0.143	1.166	1.041	0.872
1210.000	0.141	1.170	1.042	0.874
1211.000	0.145	1.176	1.042	0.872
1212.000	0.145	1.179	1.042	0.871
1213.000	0.145	1.177	1.042	0.873
1214.000	0.143	1.177	1.043	0.871
1215.000	0.144	1.176	1.042	0.872
1216.000	0.145	1.180	1.044	0.877
1217.000	0.145	1.180	1.042	0.876
1218.000	0.144	1.180	1.042	0.873
1219.000	0.143	1.179	1.042	0.874
1220.000	0.146	1.178	1.042	0.871
1221.000	0.145	1.180	1.043	0.871
1222.000	0.144	1.177	1.042	0.873
1223.000	0.143	1.179	1.042	0.871
1224.000	0.145	1.180	1.042	0.872
1225.000	0.143	1.177	1.042	0.872
1226.000	0.144	1.180	1.042	0.873
1227.000	0.142	1.180	1.043	0.874
1228.000	0.144	1.180	1.042	0.873
1229.000	0.145	1.179	1.042	0.873
1230.000	0.144	1.181	1.043	0.875
1231.000	0.143	1.179	1.042	0.875
1232.000	0.145	1.181	1.043	0.874
1233.000	0.144	1.177	1.042	0.871
1234.000	0.143	1.180	1.043	0.875
1235.000	0.145	1.176	1.042	0.871
1236.000	0.143	1.178	1.043	0.871
1237.000	0.144	1.180	1.043	0.872
1238.000	0.142	1.180	1.042	0.874
1239.000	0.144	1.183	1.042	0.873
1240.000	0.144	1.179	1.042	0.871
1241.000	0.144	1.178	1.042	0.872
1242.000	0.145	1.178	1.043	0.871
1243.000	0.145	1.177	1.042	0.871
1244.000	0.143	1.179	1.042	0.873
1245.000	0.141	1.177	1.042	0.873
1246.000	0.142	1.178	1.042	0.875
1247.000	0.144	1.177	1.042	0.872
1248.000	0.146	1.179	1.042	0.874
1249.000	0.144	1.179	1.043	0.873
1250.000	0.145	1.177	1.043	0.872
1251.000	0.144	1.179	1.042	0.875
1252.000	0.145	1.177	1.042	0.872
1253.000	0.145	1.176	1.042	0.870
1254.000	0.145	1.180	1.043	0.873
1255.000	0.145	1.178	1.043	0.872
1256.000	0.144	1.181	1.042	0.872
1257.000	0.145	1.180	1.042	0.873
1258.000	0.146	1.181	1.043	0.874
1259.000	0.145	1.177	1.041	0.871
1260.000	0.143	1.182	1.042	0.874
1261.000	0.143	1.178	1.042	0.873
1262.000	0.143	1.182	1.042	0.872
1263.000	0.145	1.179	1.042	0.872
1264.000	0.143	1.181	1.042	0.871
1265.000	0.145	1.179	1.043	0.873
1266.000	0.145	1.177	1.042	0.870
1267.000	0.146	1.181	1.043	0.873
1268.000	0.144	1.178	1.042	0.871
1269.000	0.144	1.179	1.043	0.872
1270.000	0.144	1.177	1.042	0.873
1271.000	0.143	1.180	1.042	0.869
1272.000	0.144	1.182	1.042	0.874
1273.000	0.141	1.180	1.041	0.872
1274.000	0.145	1.178	1.042	0.872
1275.000	0.145	1.179	1.042	0.871
1276.000	0.144	1.178	1.043	0.873
1277.000	0.145	1.182	1.042	0.871
1278.000	0.144	1.180	1.042	0.873
1279.000	0.144	1.182	1.042	0.871
1280.000	0.147	1.181	1.043	0.872
1281.000	0.146	1.181	1.042	0.872
1282.000	0.146	1.180	1.042	0.873
1283.000	0.145	1.180	1.043	0.872
1284.000	0.144	1.181	1.042	0.873
1285.000	0.144	1.176	1.042	0.872
1286.000	0.146	1.178	1.042	0.871
1287.000	0.144	1.179	1.041	0.872
1288.000	0.145	1.180	1.042	0.874
1289.000	0.145	1.180	1.042	0.872
1290.000	0.146	1.179	1.042	0.872
1291.000	0.145	1.179	1.042	0.876
1292.000	0.145	1.181	1.042	0.875
1293.000	0.146	1.181	1.043	0.873
1294.000	0.145	1.177	1.042	0.870
1295.000	0.146	1.179	1.042	0.873
1296.000	0.145	1.179	1.042	0.873
1297.000	0.145	1.177	1.043	0.873
1298.000	0.144	1.178	1.042	0.872
1299.000	0.145	1.179	1.044	0.875
1300.000	0.146	1.177	1.042	0.870
1301.000	0.146	1.177	1.042	0.870
1302.000	0.144	1.179	1.042	0.873
1303.000	0.146	1.179	1.041	0.869
1304.000	0.146	1.177	1.042	0.870
1305.000	0.145	1.178	1.040	0.872
1306.000	0.146	1.178	1.042	0.873
1307.000	0.147	1.182	1.042	0.873
1308.000	0.146	1.176	1.041	0.871
1309.000	0.145	1.177	1.042	0.872
1310.000	0.148	1.181	1.042	0.873
1311.000	0.147	1.178	1.043	0.873
1312.000	0.148	1.178	1.042	0.871
1313.000	0.143	1.179	1.042	0.873
1314.000	0.145	1.178	1.042	0.874
1315.000	0.147	1.177	1.042	0.870
1316.000	0.145	1.177	1.041	0.870
1317.000	0.143	1.181	1.042	0.873
1318.000	0.145	1.179	1.042	0.871
1319.000	0.145	1.177	1.042	0.870
1320.000	0.145	1.177	1.042	0.872
1321.000	0.146	1.179	1.042	0.871
1322.000	0.145	1.179	1.042	0.873
1323.000	0.146	1.177	1.041	0.872
1324.000	0.143	1.178	1.041	0.870
1325.000	0.146	1.178	1.041	0.872
1326.000	0.146	1.178	1.042	0.872
1327.000	0.146	1.182	1.043	0.872
1328.000	0.145	1.177	1.042	0.869
1329.000	0.146	1.179	1.042	0.873
1330.000	0.145	1.179	1.042	0.871
1331.000	0.145	1.181	1.041	0.873
1332.000	0.146	1.177	1.042	0.873
1333.000	0.145	1.178	1.042	0.871
1334.000	0.145	1.181	1.042	0.873
1335.000	0.145	1.181	1.041	0.873
1336.000	0.145	1.180	1.043	0.873
1337.000	0.145	1.180	1.042	0.870
1338.000	0.147	1.178	1.041	0.873
1339.000	0.146	1.177	1.042	0.871
1340.000	0.145	1.178	1.042	0.869
1341.000	0.147	1.179	1.043	0.871
1342.000	0.146	1.179	1.042	0.873
1343.000	0.141	1.180	1.043	0.873
1344.000	0.151	1.177	1.042	0.872
1345.000	0.152	1.177	1.042	0.871
1346.000	0.144	1.177	1.041	0.871
1347.000	0.145	1.177	1.042	0.871
1348.000	0.149	1.178	1.043	0.872
1349.000	0.145	1.177	1.041	0.870
1350.000	0.155	1.176	1.043	0.872
1351.000	0.143	1.176	1.041	0.871
1352.000	0.148	1.178	1.040	0.869
1353.000	0.151	1.179	1.043	0.870
1354.000	0.150	1.180	1.042	0.874
1355.000	0.144	1.178	1.041	0.872
1356.000	0.145	1.181	1.043	0.874
1357.000	0.153	1.178	1.043	0.871
1358.000	0.144	1.183	1.043	0.871
1359.000	0.144	1.182	1.042	0.873
1360.000	0.143	1.181	1.042	0.873
1361.000	0.143	1.178	1.042	0.872
1362.000	0.146	1.183	1.041	0.872
1363.000	0.148	1.181	1.043	0.871
1364.000	0.153	1.180	1.043	0.870
1365.000	0.141	1.178	1.041	0.870
1366.000	0.142	1.178	1.042	0.870
1367.000	0.140	1.180	1.042	0.873
1368.000	0.146	1.176	1.042	0.870
1369.000	0.145	1.178	1.042	0.871
1370.000	0.146	1.177	1.042	0.872
1371.000	0.146	1.179	1.042	0.871
1372.000	0.148	1.179	1.042	0.871
1373.000	0.149	1.180	1.042	0.871
1374.000	0.148	1.180	1.042	0.873
1375.000	0.147	1.180	1.042	0.870
1376.000	0.146	1.178	1.042	0.872
1377.000	0.147	1.180	1.042	0.870
1378.000	0.146	1.181	1.042	0.871
1379.000	0.147	1.181	1.042	0.872
1380.000	0.149	1.178	1.042	0.871
1381.000	0.147	1.176	1.042	0.871
1382.000	0.147	1.180	1.042	0.870
1383.000	0.146	1.178	1.040	0.874
1384.000	0.154	1.180	1.043	0.869
1385.000	0.151	1.181	1.043	0.871
1386.000	0.151	1.181	1.041	0.872
1387.000	0.152	1.181	1.042	0.874
1388.000	0.148	1.179	1.044	0.870
1389.000	0.154	1.177	1.042	0.870
1390.000	0.146	1.179	1.043	0.873
1391.000	0.149	1.180	1.042	0.872
1392.000	0.147	1.179	1.042	0.873
1393.000	0.148	1.180	1.042	0.871
1394.000	0.145	1.169	1.042	0.873
1395.000	0.146	1.176	1.043	0.877
1396.000	0.148	1.176	1.042	0.871
1397.000	0.146	1.173	1.042	0.872
1398.000	0.146	1.175	1.042	0.872
1399.000	0.148	1.175	1.042	0.873
1400.000	0.148	1.176	1.043	0.871
1401.000	0.146	1.176	1.043	0.876
1402.000	0.146	1.177	1.042	0.873
1403.000	0.147	1.165	1.042	0.873
1404.000	0.146	1.175	1.043	0.873
1405.000	0.147	1.174	1.042	0.871
1406.000	0.149	1.176	1.042	0.872
1407.000	0.145	1.174	1.043	0.873
1408.000	0.147	1.174	1.043	0.872
1409.000	0.149	1.173	1.042	0.871
1410.000	0.147	1.172	1.042	0.872
1411.000	0.148	1.174	1.041	0.871
1412.000	0.147	1.173	1.043	0.872
1413.000	0.147	1.175	1.043	0.876
1414.000	0.147	1.170	1.042	0.872
1415.000	0.149	1.175	1.042	0.870
1416.000	0.148	1.175	1.042	0.873
1417.000	0.145	1.168	1.042	0.871
1418.000	0.147	1.175	1.042	0.870
1419.000	0.147	1.176	1.042	0.872
1420.000	0.149	1.175	1.043	0.871
1421.000	0.148	1.170	1.042	0.874
1422.000	0.147	1.175	1.042	0.873
1423.000	0.147	1.172	1.043	0.873
1424.000	0.147	1.166	1.042	0.872
1425.000	0.147	1.171	1.043	0.875
1426.000	0.148	1.174	1.043	0.876
1427.000	0.149	1.171	1.044	0.874
1428.000	0.147	1.175	1.044	0.877
1429.000	0.149	1.173	1.043	0.874
1430.000	0.150	1.174	1.046	0.875
1431.000	0.147	1.173	1.044	0.876
1432.000	0.148	1.174	1.044	0.876
1433.000	0.150	1.174	1.044	0.876
1434.000	0.145	1.170	1.046	0.876
1435.000	0.151	1.174	1.045	0.876
1436.000	0.153	1.165	1.042	0.872
1437.000	0.153	1.168	1.042	0.875
1438.000	0.155	1.172	1.043	0.874
1439.000	0.156	1.171	1.042	0.875
1440.000	0.150	1.172	1.042	0.875
1441.000	0.157	1.171	1.043	0.872
1442.000	0.153	1.165	1.042	0.872
1443.000	0.155	1.168	1.043	0.875
1444.000	0.152	1.171	1.042	0.875
1445.000	0.154	1.171	1.042	0.875
1446.000	0.149	1.169	1.040	0.869
1447.000	0.147	1.175	1.038	0.868
1448.000	0.155	1.208	1.034	0.846
1449.000	0.154	1.206	1.033	0.842
1450.000	0.154	1.206	1.032	0.840
1451.000	0.155	1.207	1.034	0.842
1452.000	0.156	1.211	1.034	0.845
1453.000	0.154	1.211	1.037	0.847
1454.000	0.155	1.207	1.034	0.844
1455.000	0.155	1.208	1.038	0.845
1456.000	0.153	1.207	1.034	0.843
1457.000	0.154	1.209	1.035	0.844
1458.000	0.156	1.207	1.035	0.844
1459.000	0.153	1.207	1.033	0.848
1460.000	0.154	1.209	1.035	0.844
1461.000	0.155	1.206	1.034	0.844
1462.000	0.154	1.209	1.035	0.846
1463.000	0.155	1.210	1.034	0.848
1464.000	0.157	1.208	1.035	0.844
1465.000	0.155	1.208	1.035	0.846
1466.000	0.155	1.212	1.036	0.847
1467.000	0.155	1.211	1.039	0.847
1468.000	0.154	1.208	1.038	0.848
1469.000	0.154	1.209	1.035	0.844
1470.000	0.151	1.210	1.038	0.847
1471.000	0.157	1.207	1.037	0.846
1472.000	0.157	1.209	1.038	0.846
1473.000	0.156	1.209	1.036	0.847
1474.000	0.157	1.209	1.035	0.846
1475.000	0.153	1.209	1.038	0.848
1476.000	0.155	1.209	1.038	0.848
1477.000	0.150	1.210	1.038	0.848
1478.000	0.149	1.210	1.039	0.846
1479.000	0.150	1.210	1.035	0.845
1480.000	0.154	1.206	1.038	0.846
1481.000	0.158	1.212	1.037	0.846
1482.000	0.153	1.211	1.036	0.845
1483.000	0.152	1.212	1.036	0.847
1484.000	0.156	1.214	1.038	0.847
1485.000	0.154	1.214	1.038	0.848
1486.000	0.154	1.213	1.037	0.858
1487.000	0.154	1.210	1.036	0.861
1488.000	0.154	1.210	1.034	0.862
1489.000	0.158	1.210	1.037	0.861
1490.000	0.154	1.210	1.034	0.860
1491.000	0.153	1.213	1.036	0.862
1492.000	0.156	1.211	1.036	0.859
1493.000	0.155	1.210	1.036	0.861
1494.000	0.155	1.214	1.038	0.863
1495.000	0.156	1.213	1.038	0.862
1496.000	0.156	1.216	1.039	0.861
1497.000	0.156	1.214	1.039	0.861
1498.000	0.153	1.203	1.034	0.856
1499.000	0.151	1.201	1.033	0.854
1500.000	0.155	1.205	1.035	0.857
1501.000	0.152	1.204	1.036	0.859
1502.000	0.154	1.201	1.035	0.856
1503.000	0.156	1.203	1.034	0.856
1504.000	0.156	1.204	1.035	0.855
1505.000	0.156	1.206	1.036	0.858
1506.000	0.151	1.202	1.038	0.861
1507.000	0.151	1.203	1.034	0.857
1508.000	0.153	1.206	1.036	0.860
1509.000	0.154	1.208	1.036	0.861
