1 0.0529902888394435 0.0666398315580877 0.109063749246739 0.0869232848152581
2 0.0540300276570526 0.0644723804805549 0.10927593552932 0.0979910685559116
3 0.052470419430639 0.0669494674263067 0.109912494377064 0.0943876040822105
4 0.0529902888394435 0.0663301956898687 0.109063749246739 0.0889824073716588
5 0.0529902888394435 0.0607567500619272 0.108851562964158 0.0856363332175077
6 0.0535101582482481 0.062304929403022 0.109063749246739 0.0856363332175077
7 0.0540300276570526 0.0666398315580877 0.10757844526867 0.0828050397024568
8 0.0535101582482481 0.0654012880852118 0.106941886420927 0.086408504176158
9 0.0571492441098796 0.0644723804805549 0.107154072703508 0.0879528460934585
10 0.0581889829274886 0.0644723804805549 0.106941886420927 0.0889824073716588
11 0.0545498970658571 0.0613760217983651 0.106305327573183 0.0882102364130085
12 0.0555896358834661 0.0635434728758979 0.106305327573183 0.0856363332175077
13 0.0571492441098796 0.06292420113946 0.105668768725439 0.0851215525784075
14 0.0602684605627067 0.0666398315580877 0.106729700138345 0.0856363332175077
15 0.0571492441098796 0.0654012880852118 0.105880955008021 0.0858937235370578
16 0.0529902888394435 0.0654012880852118 0.104820023595115 0.0856363332175077
17 0.0561095052922706 0.0641627446123359 0.10397127846479 0.0810033074656062
18 0.0519505500218345 0.0610663859301461 0.102698160769303 0.0828050397024568
19 0.0540300276570526 0.0650916522169928 0.10397127846479 0.0869232848152581
20 0.0555896358834661 0.0638531087441169 0.104607837312533 0.0879528460934585
21 0.0545498970658571 0.0666398315580877 0.105032209877696 0.0882102364130085
22 0.0597485911539021 0.0660205598216497 0.106093141290602 0.0892397976912088
23 0.0576691135186841 0.0663301956898687 0.106305327573183 0.0905267492889593
24 0.0613081993803157 0.0681880108991826 0.106729700138345 0.0920710912062597
25 0.0597485911539021 0.0688072826356205 0.10757844526867 0.0918137008867096
26 0.0597485911539021 0.0666398315580877 0.106941886420927 0.0918137008867096
27 0.0602684605627067 0.0691169185038395 0.108215004116414 0.0933580428040101
28 0.0592287217450976 0.0669494674263067 0.105880955008021 0.0915563105671596
29 0.0581889829274886 0.0657109239534308 0.103334719617046 0.0894971880107589
30 0.0555896358834661 0.0644723804805549 0.103122533334465 0.0887250170521087
31 0.0561095052922706 0.0666398315580877 0.106093141290602 0.0933580428040101
32 0.0550697664746616 0.0650916522169928 0.103546905899627 0.0918137008867096
33 0.0576691135186841 0.0666398315580877 0.102485974486721 0.0925858718453599
34 0.0571492441098796 0.0663301956898687 0.103759092182209 0.09284326216491
35 0.0602684605627067 0.0666398315580877 0.103334719617046 0.09284326216491
36 0.0618280687891202 0.0666398315580877 0.103759092182209 0.0933580428040101
37 0.0592287217450976 0.0672591032945256 0.10397127846479 0.0938728234431103
38 0.0607883299715112 0.0675687391627446 0.105880955008021 0.0943876040822105
39 0.0613081993803157 0.0697361902402774 0.106729700138345 0.0931006524844601
40 0.0602684605627067 0.0691169185038395 0.107154072703508 0.095931945999511
41 0.0623479381979247 0.0712843695813723 0.107790631551251 0.0954171653604108
42 0.0628678076067292 0.0706650978449344 0.108427190398995 0.0941302137626604
43 0.0628678076067292 0.0722132771860292 0.108639376681576 0.0964467266386111
44 0.0623479381979247 0.0728325489224672 0.108639376681576 0.095931945999511
45 0.0618280687891202 0.0725229130542482 0.10757844526867 0.095931945999511
46 0.0623479381979247 0.0725229130542482 0.108215004116414 0.095931945999511
47 0.0628678076067292 0.0743807282635621 0.108427190398995 0.0972188975972614
48 0.0639075464243382 0.0734518206589051 0.109063749246739 0.0987632395145619
49 0.0639075464243382 0.0731421847906862 0.108639376681576 0.0969615072777113
50 0.0633876770155337 0.0734518206589051 0.109063749246739 0.0967041169581612
51 0.0644274158331427 0.075619271736438 0.109700308094482 0.0990206298341119
52 0.0644274158331427 0.074690364131781 0.109063749246739 0.0982484588754617
53 0.0659870240595563 0.0743807282635621 0.109063749246739 0.099278020153662
54 0.0649472852419472 0.075309635868219 0.109063749246739 0.0995354104732121
55 0.0654671546507517 0.0740710923953431 0.109063749246739 0.099278020153662
56 0.0639075464243382 0.0743807282635621 0.109063749246739 0.0995354104732121
57 0.0649472852419472 0.075309635868219 0.109063749246739 0.102109313668713
58 0.0670267628771653 0.0759289076046569 0.10927593552932 0.101337142710063
59 0.0680665016947743 0.0774770869457518 0.110336866942226 0.101337142710063
60 0.0675466322859698 0.0771674510775328 0.110549053224807 0.101337142710063
61 0.0659870240595563 0.0774770869457518 0.111185612072551 0.101337142710063
62 0.0675466322859698 0.0762385434728759 0.111609984637713 0.101851923349163
63 0.0665068934683608 0.0796445380232846 0.113519661180944 0.106484949101064
64 0.0670267628771653 0.0790252662868467 0.113519661180944 0.105455387822864
65 0.0675466322859698 0.0805734456279416 0.113944033746106 0.106999729740164
66 0.0675466322859698 0.0805734456279416 0.113519661180944 0.106742339420614
67 0.0685863711035788 0.0790252662868467 0.113307474898363 0.106227558781514
68 0.0680665016947743 0.0790252662868467 0.112458729768038 0.106999729740164
69 0.0696261099211878 0.0811927173643795 0.113519661180944 0.106999729740164
70 0.0680665016947743 0.0805734456279416 0.113519661180944 0.106484949101064
71 0.0675466322859698 0.0811927173643795 0.112670916050619 0.105712778142414
72 0.0675466322859698 0.0808830814961605 0.113519661180944 0.106742339420614
73 0.0691062405123833 0.0827408967054744 0.114156220028688 0.109573632935665
74 0.0685863711035788 0.0824312608372554 0.113519661180944 0.107257120059715
75 0.0696261099211878 0.0824312608372554 0.113944033746106 0.109058852296565
76 0.0685863711035788 0.0827408967054744 0.115429337724175 0.110860584533416
77 0.0691062405123833 0.0839794401783503 0.115429337724175 0.111117974852966
78 0.0717055875564058 0.0849083477830072 0.115429337724175 0.113434487728917
79 0.0717055875564058 0.0842890760465692 0.115641524006756 0.112662316770266
80 0.0711857181476013 0.0821216249690364 0.115429337724175 0.112404926450716
81 0.0711857181476013 0.0849083477830072 0.115641524006756 0.110860584533416
82 0.0727453263740149 0.086766162992321 0.116065896571918 0.114721439326667
83 0.0711857181476013 0.086766162992321 0.116702455419662 0.114206658687567
84 0.0732651957828194 0.08707579886054 0.116490269137081 0.113691878048467
85 0.0737850651916239 0.08707579886054 0.117551200549987 0.116780561883068
86 0.0727453263740149 0.0889336140698538 0.11818775939773 0.116780561883068
87 0.0758645428268419 0.0889336140698538 0.119248690810636 0.117037952202618
88 0.0753446734180374 0.0892432499380728 0.117763386832568 0.117552732841718
89 0.0727453263740149 0.0914107010156056 0.117763386832568 0.117295342522168
90 0.0758645428268419 0.0923396086202626 0.119248690810636 0.117037952202618
91 0.0737850651916239 0.0929588803567005 0.118399945680312 0.118067513480818
92 0.0769042816444509 0.0938877879613574 0.119036504528055 0.119611855398118
93 0.0779440204620599 0.0960552390388903 0.11988524965838 0.119354465078568
94 0.0753446734180374 0.0920299727520436 0.11988524965838 0.119869245717669
95 0.0758645428268419 0.0963648749071092 0.120946181071286 0.119611855398118
96 0.0753446734180374 0.0941974238295764 0.120097435940961 0.120898806995869
97 0.0769042816444509 0.0926492444884815 0.120309622223542 0.119611855398118
98 0.0779440204620599 0.0976034183799851 0.12158273991903 0.121413587634969
99 0.0763844122356464 0.0969841466435472 0.121370553636449 0.119869245717669
100 0.0774241510532554 0.100699777062175 0.123492416462261 0.122700539232719
101 0.0774241510532554 0.100390141193956 0.123916789027423 0.122443148913169
102 0.0784638898708645 0.101009412930394 0.124128975310004 0.126046613386871
103 0.0774241510532554 0.100080505325737 0.123916789027423 0.126561394025971
104 0.078983759279669 0.101319048798613 0.124128975310004 0.12553183274777
105 0.0805433675060825 0.103176864007927 0.12518990672291 0.127076174665071
106 0.081063236914887 0.10224795640327 0.125402093005491 0.127590955304171
107 0.081063236914887 0.103486499876146 0.125614279288073 0.127590955304171
108 0.0852221921853231 0.103486499876146 0.125826465570654 0.127848345623721
109 0.082102975732496 0.104415407480803 0.127311769548722 0.127848345623721
110 0.0878215392293456 0.104415407480803 0.127311769548722 0.129907468180122
111 0.0836625839589095 0.106273222690116 0.127523955831303 0.130422248819222
112 0.0836625839589095 0.104415407480803 0.127523955831303 0.130679639138772
113 0.0852221921853231 0.105963586821897 0.129858004939697 0.133253542334273
114 0.0873016698205411 0.10813103789943 0.130706750070021 0.132481371375623
115 0.0888612780469546 0.10813103789943 0.130918936352603 0.134797884251573
116 0.0888612780469546 0.109679217240525 0.131131122635184 0.138658739044825
117 0.0888612780469546 0.109059945504087 0.131555495200346 0.136084835849324
118 0.0899010168645636 0.111846668318058 0.132828612895834 0.138658739044825
119 0.0919804944997817 0.115562298736686 0.134101730591321 0.138143958405724
120 0.0883414086381501 0.115562298736686 0.13388954430874 0.139173519683925
121 0.0925003639085862 0.116181570473124 0.134313916873902 0.137629177766624
122 0.0930202333173907 0.11432375526381 0.134526103156483 0.139945690642575
123 0.0930202333173907 0.114014119395591 0.13579922085197 0.139945690642575
124 0.0940599721349997 0.116491206341343 0.134950475721646 0.140717861601225
125 0.0935401027261952 0.116800842209562 0.134950475721646 0.140203080962125
126 0.0919804944997817 0.115562298736686 0.135162662004227 0.139173519683925
127 0.0919804944997817 0.115871934604905 0.136860152264876 0.141747422879426
128 0.0935401027261952 0.117420113946 0.138133269960364 0.141747422879426
129 0.0935401027261952 0.117420113946 0.139618573938432 0.143806545435826
130 0.0940599721349997 0.117110478077781 0.13919420137327 0.142262203518526
131 0.0945798415438042 0.118349021550656 0.140467319068757 0.143549155116276
132 0.0935401027261952 0.116800842209562 0.140679505351338 0.145865667992227
133 0.0940599721349997 0.123612831310379 0.14280136817715 0.144321326074926
134 0.0940599721349997 0.119897200891751 0.142376995611988 0.148696961507278
135 0.0966593191790222 0.121135744364627 0.143650113307475 0.149211742146378
136 0.0987387968142403 0.122064651969284 0.14810602524168 0.149983913105028
137 0.0976990579966313 0.12330319544216 0.147469466393937 0.148954351826828
138 0.0997785356318493 0.121755016101065 0.148742584089424 0.151013474383228
139 0.10445736031109 0.12639955412435 0.150227888067492 0.153072596939629
140 0.10445736031109 0.126089918256131 0.150652260632655 0.152557816300529
141 0.0997785356318493 0.127638097597226 0.151501005762979 0.15513171949603
142 0.104977229719894 0.12330319544216 0.152137564610723 0.15564650013513
143 0.103937490902285 0.128567005201883 0.154895986284279 0.15616128077423
144 0.103417621493481 0.128567005201883 0.15680566282751 0.15461693885693
145 0.10445736031109 0.127947733465445 0.156593476544928 0.15693345173288
146 0.104977229719894 0.131044092147634 0.160200643348809 0.160279525887031
147 0.107056707355112 0.131663363884072 0.161261574761715 0.159249964608831
148 0.106536837946308 0.132592271488729 0.163171251304946 0.160536916206581
149 0.106536837946308 0.136617537775576 0.165929672978501 0.163882990360733
150 0.10913618499033 0.136307901907357 0.166141859261083 0.161566477484782
151 0.109656054399135 0.135998266039138 0.166990604391407 0.163882990360733
152 0.107056707355112 0.134140450829824 0.168051535804313 0.164655161319383
153 0.109656054399135 0.13847535298489 0.169536839782382 0.168258625793084
154 0.111735532034353 0.139094624721328 0.168475908369476 0.166971674195334
155 0.109656054399135 0.139094624721328 0.169112467217219 0.165684722597583
156 0.10913618499033 0.14157171166708 0.169536839782382 0.169030796751734
157 0.113295140260766 0.140952439930642 0.17102214376045 0.166714283875783
158 0.114334879078376 0.142810255139955 0.171658702608194 0.169545577390834
159 0.113295140260766 0.142810255139955 0.172931820303681 0.170832528988585
160 0.11485474848718 0.144977706217488 0.175902428259818 0.171347309627685
161 0.115374617895985 0.148693336636116 0.176114614542399 0.171089919308135
162 0.115374617895985 0.14745479316324 0.178236477368211 0.173663822503636
163 0.115374617895985 0.150241515977211 0.179085222498536 0.172634261225435
164 0.117454095531203 0.15055115184543 0.17972178134628 0.175208164420936
165 0.113815009669571 0.151789695318306 0.178873036215955 0.177009896657787
166 0.12057331198403 0.152099331186525 0.183753320715322 0.177267286977337
167 0.117454095531203 0.152099331186525 0.184177693280485 0.177267286977337
168 0.119533573166421 0.15364751052762 0.18502643841081 0.179326409533737
169 0.116414356713594 0.153028238791182 0.184602065845647 0.181642922409688
170 0.117973964940007 0.151789695318306 0.185238624693391 0.180870751451038
171 0.118493834348812 0.15364751052762 0.18693611495404 0.182415093368338
172 0.119533573166421 0.152099331186525 0.18693611495404 0.182415093368338
173 0.12057331198403 0.155814961605152 0.189694536627596 0.184474215924739
174 0.124212397845661 0.161698043101313 0.192877330866314 0.18576116752249
175 0.126291875480879 0.16572330938816 0.192877330866314 0.18756289975934
176 0.123172659028052 0.164175130047065 0.193301703431477 0.18601855784204
177 0.124732267254466 0.166342581124597 0.195423566257289 0.18756289975934
178 0.125772006072075 0.167581124597473 0.198394174213425 0.192710706150342
179 0.127331614298488 0.170058211543225 0.197545429083101 0.18730550943979
180 0.130450830751315 0.169438939806787 0.196908870235357 0.193482877108992
181 0.131490569568924 0.171916026752539 0.199879478191494 0.193482877108992
182 0.128891222524902 0.173154570225415 0.201364782169562 0.193482877108992
183 0.132530308386533 0.175941293039386 0.202001341017306 0.198630683499994
184 0.132530308386533 0.177489472380481 0.203274458712793 0.194512438387192
185 0.132530308386533 0.176870200644043 0.204971948973443 0.198373293180443
186 0.13564952483936 0.178108744116919 0.206669439234092 0.199660244778194
187 0.132530308386533 0.179037651721575 0.205820694103768 0.201719367334595
188 0.137209133065774 0.179347287589794 0.20624506666893 0.203521099571445
189 0.136169394248165 0.182134010403765 0.205184135256024 0.202234147973695
190 0.137209133065774 0.184301461481298 0.206457252951511 0.208668905962447
191 0.136169394248165 0.182134010403765 0.206881625516674 0.205837612447396
192 0.140848218927405 0.188636363636364 0.206669439234092 0.206095002766946
193 0.14708665183306 0.185849640822393 0.208579115777323 0.209955857560197
194 0.146046913015451 0.189565271241021 0.20985223347281 0.208154125323347
195 0.142927696562623 0.189255635372802 0.210700978603135 0.210985418838397
196 0.142407827153819 0.18987490710924 0.212822841428947 0.213816712353448
197 0.144487304789037 0.190803814713896 0.214520331689597 0.216648005868499
198 0.146566782424255 0.192351994054991 0.216642194515409 0.214846273631649
199 0.14708665183306 0.195138716868962 0.217915312210896 0.216390615548949
200 0.151245607103496 0.196996532078276 0.218976243623802 0.222310592898601
201 0.152285345921105 0.199473619024028 0.223219969275426 0.219221909064
202 0.153844954147518 0.200092890760466 0.225341832101238 0.224112325135452
203 0.151245607103496 0.203498885310874 0.225341832101238 0.224627105774552
204 0.148126390650669 0.200092890760466 0.225766204666401 0.224884496094102
205 0.153844954147518 0.202879613574437 0.228100253774794 0.227201008970053
206 0.154364823556323 0.205047064651969 0.229373371470281 0.228487960567803
207 0.154364823556323 0.205047064651969 0.230009930318025 0.226943618650503
208 0.15748404000915 0.208762695070597 0.230434302883187 0.234407937917455
209 0.15748404000915 0.20783378746594 0.231919606861256 0.234665328237005
210 0.156444301191541 0.209381966807035 0.234253655969649 0.230289692804654
211 0.15748404000915 0.212478325489225 0.23446584225223 0.233120986319705
212 0.158523778826759 0.211239782016349 0.235526773665136 0.232606205680604
213 0.159043648235563 0.216193955907852 0.237012077643205 0.238011402391156
214 0.160083387053172 0.217122863512509 0.238921754186435 0.238268792710706
215 0.159563517644368 0.215574684171414 0.241043617012247 0.238526183030256
216 0.165801950550022 0.218361406985385 0.243802038685803 0.242644428143058
217 0.163202603505999 0.218361406985385 0.244862970098709 0.240585305586657
218 0.168401297594044 0.222696309140451 0.247409205489684 0.242129647503957
219 0.168921167002849 0.218671042853604 0.245923901511615 0.242901818462608
220 0.166841689367631 0.223625216745108 0.247409205489684 0.245990502297209
221 0.170480775229262 0.223934852613327 0.249743254598077 0.244188770060358
222 0.169960905820458 0.223934852613327 0.251865117423889 0.246505282936309
223 0.174119861090894 0.22610230369086 0.253350421401957 0.248307015173159
224 0.174119861090894 0.228269754768392 0.25568447051035 0.247792234534059
225 0.17359999168209 0.230437205845925 0.25568447051035 0.253712211883711
226 0.176199338726112 0.230746841714144 0.255896656792932 0.252682650605511
227 0.17827881636133 0.235391379737429 0.255896656792932 0.256028724759662
228 0.174639730499699 0.233843200396334 0.255896656792932 0.259374798913813
229 0.180358293996548 0.23508174386921 0.256321029358094 0.259632189233363
230 0.17827881636133 0.237868466683181 0.258018519618744 0.259117408594263
231 0.179318555178939 0.236320287342086 0.261201313857462 0.258087847316062
232 0.182957641040571 0.239416646024275 0.261837872705205 0.265294776263465
233 0.185556988084593 0.240345553628932 0.26268661783553 0.265809556902565
234 0.181917902222962 0.24096482536537 0.263535362965855 0.268126069778516
235 0.180878163405353 0.241274461233589 0.266930343487154 0.271214753613117
236 0.182957641040571 0.245299727520436 0.269264392595548 0.276105169684568
237 0.189196073946225 0.242203368838246 0.271174069138778 0.275590389045468
238 0.182957641040571 0.252111716621253 0.275205608507821 0.274303437447718
239 0.189715943355029 0.248396086202626 0.276054353638146 0.277134730962768
240 0.19439476803427 0.252111716621253 0.28029807928977 0.277392121282319
241 0.18867620453742 0.254898439435224 0.281146824420095 0.277134730962768
242 0.193874898625465 0.253659895962348 0.284329618658813 0.28099558575602
243 0.192835159807856 0.253969531830567 0.286451481484625 0.279451243838719
244 0.194914637443074 0.257994798117414 0.288997716875599 0.285113830868821
245 0.19907359271351 0.259542977458509 0.292180511114317 0.28228253735377
246 0.193355029216661 0.261091156799604 0.294090187657548 0.285628611507921
247 0.196474245669488 0.258923705722071 0.296848609331104 0.286400782466571
248 0.199593462122315 0.264806787218231 0.297697354461429 0.290776417898923
249 0.199593462122315 0.263258607877136 0.299182658439497 0.286658172786121
250 0.200633200939924 0.266664602427545 0.29960703100466 0.293350321094424
251 0.200113331531119 0.265426058954669 0.301304521265309 0.290261637259823
252 0.204272286801555 0.268522417636859 0.30151670754789 0.294637272692174
253 0.205312025619164 0.269451325241516 0.30321419780854 0.297725956526775
254 0.205312025619164 0.270380232846173 0.303638570373703 0.301586811320026
255 0.209470980889601 0.268522417636859 0.304062942938865 0.297983346846325
256 0.209470980889601 0.26821278176864 0.305972619482096 0.305705056432828
257 0.21051071970721 0.267903145900421 0.305123874351771 0.298498127485425
258 0.215709413795255 0.27440549913302 0.305972619482096 0.308021569308778
259 0.216229283204059 0.275644042605895 0.305972619482096 0.308536349947878
260 0.219868369065691 0.274715135001239 0.305972619482096 0.309308520906529
261 0.215709413795255 0.268522417636859 0.306396992047258 0.31368415633888
262 0.215709413795255 0.28028858062918 0.307245737177583 0.311367643462929
263 0.215709413795255 0.275953678474114 0.307457923460164 0.31213981442158
264 0.215709413795255 0.281836759970275 0.307882296025327 0.315485888575731
265 0.218828630248082 0.281836759970275 0.307033550895002 0.317545011132131
266 0.220388238474495 0.282456031706713 0.307882296025327 0.319604133688532
267 0.220388238474495 0.288029477334654 0.307882296025327 0.320376304647182
268 0.227666410197758 0.288029477334654 0.308094482307908 0.327325843275034
269 0.222467716109713 0.286790933861779 0.308094482307908 0.327583233594585
270 0.227146540788954 0.29546073817191 0.308094482307908 0.328612794872785
271 0.230785626650585 0.303511270745603 0.308094482307908 0.331701478707386
272 0.228186279606563 0.300105276195194 0.308094482307908 0.329127575511885
273 0.228186279606563 0.30134381966807 0.308094482307908 0.329642356150985
274 0.237024059556239 0.302272727272727 0.308094482307908 0.335304943181087
275 0.237024059556239 0.305369085954917 0.308094482307908 0.331186698068286
276 0.240663145417871 0.307846172900669 0.308094482307908 0.337621456057038
277 0.234944581921021 0.310323259846421 0.308094482307908 0.342769262448039
278 0.241183014826676 0.312490710923953 0.308094482307908 0.341997091489389
279 0.237024059556239 0.318683428288333 0.308094482307908 0.34482838500444
280 0.243782361870698 0.314348526133267 0.308094482307908 0.347659678519491
281 0.242742623053089 0.320231607629428 0.308094482307908 0.347917068839041
282 0.24170288423548 0.321470151102304 0.308094482307908 0.351263142993192
283 0.246901578323525 0.322399058706961 0.308094482307908 0.351520533312742
284 0.254179750046788 0.327353232598464 0.308094482307908 0.353322265549593
285 0.24742144773233 0.325805053257369 0.308094482307908 0.359757023538345
286 0.253140011229179 0.327972504334902 0.308094482307908 0.358727462260144
287 0.250540664185157 0.326733960862026 0.308094482307908 0.356668339703744
288 0.253140011229179 0.330449591280654 0.308306668590489 0.358470071940594
289 0.258338705317224 0.332617042358187 0.308094482307908 0.368250904083497
290 0.25781883590842 0.33478449343572 0.308094482307908 0.363875268651146
291 0.266656615858096 0.336023036908596 0.308094482307908 0.371082197598548
292 0.257298966499615 0.335713401040377 0.308094482307908 0.370824807278998
293 0.258338705317224 0.342525390141194 0.308306668590489 0.367993513763947
294 0.265097007631683 0.338190487986128 0.308094482307908 0.370824807278998
295 0.263537399405269 0.34376393361407 0.308306668590489 0.379576078143701
296 0.267176485266901 0.34376393361407 0.30851885487307 0.379061297504601
297 0.270815571128533 0.34964701511023 0.30851885487307 0.37623000398955
298 0.279133481669405 0.351195194451325 0.308943227438233 0.379318687824151
299 0.274974526398969 0.350575922714887 0.308943227438233 0.381892591019652
300 0.27393478758136 0.352433737924201 0.308731041155651 0.383951713576052
301 0.272375179354946 0.360793906366113 0.308943227438233 0.381120420061001
302 0.275494395807773 0.357078275947486 0.308943227438233 0.386783007091103
303 0.275494395807773 0.362651721575427 0.309791972568557 0.390129081245254
304 0.284852045166254 0.363270993311865 0.309367600003395 0.390129081245254
305 0.280173220487014 0.363580629180084 0.310004158851139 0.392445594121205
306 0.288491131027886 0.36481917265296 0.309791972568557 0.392445594121205
307 0.282772567531036 0.370392618280902 0.309791972568557 0.392445594121205
308 0.284852045166254 0.369463710676245 0.310004158851139 0.392445594121205
309 0.286411653392668 0.372560069358435 0.310004158851139 0.392445594121205
310 0.290570608663104 0.378443150854595 0.309791972568557 0.392702984440755
311 0.287971261619081 0.369773346544464 0.309579786285976 0.392702984440755
312 0.290050739254299 0.378133514986376 0.31021634513372 0.392445594121205
313 0.290570608663104 0.380610601932128 0.310004158851139 0.393989936038506
314 0.290570608663104 0.382468417141442 0.31021634513372 0.394762106997156
315 0.29940838861278 0.380920237800347 0.31021634513372 0.395019497316706
316 0.300448127430389 0.383706960614318 0.31021634513372 0.394762106997156
317 0.298368649795171 0.383397324746099 0.31021634513372 0.395019497316706
318 0.293169955707126 0.38308768887788 0.31021634513372 0.395019497316706
319 0.300967996839194 0.389899677978697 0.31021634513372 0.395019497316706
320 0.30512695210963 0.394544216001982 0.31021634513372 0.395019497316706
321 0.309805776788871 0.394853851870201 0.31021634513372 0.395276887636256
322 0.304607082700826 0.39795021055239 0.31021634513372 0.395791668275356
323 0.315004470876916 0.40104656923458 0.31021634513372 0.395534277955806
324 0.322282642600179 0.40104656923458 0.31021634513372 0.396306448914456
325 0.317603817920938 0.401665840971018 0.31021634513372 0.396563839234006
326 0.312924993241698 0.401356205102799 0.31021634513372 0.396049058594906
327 0.318123687329743 0.40414292791677 0.31021634513372 0.397336010192657
328 0.317603817920938 0.40414292791677 0.310428531416301 0.396306448914456
329 0.321762773191374 0.404452563784989 0.31021634513372 0.397078619873107
330 0.331120422549855 0.405381471389646 0.31021634513372 0.397336010192657
331 0.33164029195866 0.40723928659896 0.31021634513372 0.397593400512207
332 0.330600553141051 0.40723928659896 0.31021634513372 0.397593400512207
333 0.33164029195866 0.406929650730741 0.310852903981463 0.397593400512207
334 0.326961467279419 0.40723928659896 0.31021634513372 0.397593400512207
335 0.333719769593878 0.40723928659896 0.31021634513372 0.397593400512207
336 0.33164029195866 0.40723928659896 0.31021634513372 0.397593400512207
337 0.343597288361164 0.40723928659896 0.310428531416301 0.397593400512207
338 0.338918463681923 0.40723928659896 0.310428531416301 0.397593400512207
339 0.337878724864314 0.40723928659896 0.310640717698882 0.397593400512207
340 0.33735885545551 0.40723928659896 0.310852903981463 0.397593400512207
341 0.339438333090728 0.40723928659896 0.310640717698882 0.398108181151307
342 0.343597288361164 0.40723928659896 0.311277276546626 0.397850790831757
343 0.346716504813991 0.40723928659896 0.310852903981463 0.397593400512207
344 0.347236374222795 0.40723928659896 0.312338207959532 0.397850790831757
345 0.347236374222795 0.40723928659896 0.311065090264045 0.398108181151307
346 0.349835721266818 0.40723928659896 0.310852903981463 0.398880352109957
347 0.35815363180769 0.40723928659896 0.311065090264045 0.399395132749057
348 0.355034415354863 0.40723928659896 0.311065090264045 0.398880352109957
349 0.357113892990081 0.407548922467179 0.311489462829207 0.398365571470857
350 0.363352325895735 0.407858558335398 0.311277276546626 0.398880352109957
351 0.356594023581276 0.407858558335398 0.311277276546626 0.398365571470857
352 0.364911934122149 0.408168194203617 0.311913835394369 0.399395132749057
353 0.365951672939757 0.408477830071836 0.310852903981463 0.398622961790407
354 0.372190105845412 0.409097101808273 0.311065090264045 0.400167303707708
355 0.373229844663021 0.408787465940055 0.311701649111788 0.400167303707708
356 0.375309322298239 0.409716373544711 0.311489462829207 0.400167303707708
357 0.37426958348063 0.409406737676492 0.311489462829207 0.399909913388157
358 0.381547755203893 0.409716373544711 0.311913835394369 0.400424694027258
359 0.376349061115848 0.41002600941293 0.311913835394369 0.400167303707708
360 0.379468277568675 0.410335645281149 0.311701649111788 0.400167303707708
361 0.382067624612697 0.410335645281149 0.311913835394369 0.400424694027258
362 0.385186841065524 0.410335645281149 0.311277276546626 0.400424694027258
363 0.382067624612697 0.410335645281149 0.311065090264045 0.400424694027258
364 0.391945143379983 0.41002600941293 0.311277276546626 0.400424694027258
365 0.399223315103246 0.410335645281149 0.311065090264045 0.400424694027258
366 0.391945143379983 0.410335645281149 0.311065090264045 0.400424694027258
367 0.386746449291938 0.410335645281149 0.311701649111788 0.400167303707708
368 0.396104098650419 0.410335645281149 0.311065090264045 0.400424694027258
369 0.405981617417705 0.410335645281149 0.311701649111788 0.400424694027258
370 0.400263053920855 0.410335645281149 0.311489462829207 0.400424694027258
371 0.410660442096945 0.410335645281149 0.312338207959532 0.400424694027258
372 0.404422009191291 0.410335645281149 0.311913835394369 0.400424694027258
373 0.407021356235314 0.410335645281149 0.312338207959532 0.400424694027258
374 0.407541225644118 0.410335645281149 0.312338207959532 0.400424694027258
375 0.420537960864231 0.410335645281149 0.312338207959532 0.400424694027258
376 0.414299527958577 0.410335645281149 0.312126021676951 0.400424694027258
377 0.41118031150575 0.410335645281149 0.312338207959532 0.400424694027258
378 0.414819397367381 0.410335645281149 0.312126021676951 0.400424694027258
379 0.416898875002599 0.410645281149368 0.312338207959532 0.400424694027258
380 0.423137307908253 0.410645281149368 0.312338207959532 0.400682084346808
381 0.419498222046622 0.410335645281149 0.312338207959532 0.400424694027258
382 0.423137307908253 0.410335645281149 0.312338207959532 0.400424694027258
383 0.425736654952276 0.410954917017587 0.311913835394369 0.400424694027258
384 0.439773128989998 0.410954917017587 0.312338207959532 0.400424694027258
385 0.440812867807607 0.410954917017587 0.312126021676951 0.400424694027258
386 0.438733390172389 0.411264552885806 0.312126021676951 0.400424694027258
387 0.445491692486847 0.411574188754025 0.312126021676951 0.400424694027258
388 0.43197508785793 0.411574188754025 0.312126021676951 0.400682084346808
389 0.449130778348479 0.412193460490463 0.312126021676951 0.400682084346808
390 0.44809103953087 0.411264552885806 0.312338207959532 0.400682084346808
391 0.441332737216411 0.412193460490463 0.312338207959532 0.400424694027258
392 0.443412214851629 0.412503096358682 0.312338207959532 0.401454255305458
393 0.454329472436524 0.412812732226901 0.312338207959532 0.401196864985908
394 0.459528166524569 0.41312236809512 0.312338207959532 0.400682084346808
395 0.462647382977396 0.41312236809512 0.312338207959532 0.400939474666358
396 0.454329472436524 0.412812732226901 0.312338207959532 0.400682084346808
397 0.457968558298156 0.412812732226901 0.312126021676951 0.400424694027258
398 0.455369211254133 0.41312236809512 0.312338207959532 0.401196864985908
399 0.466286468839028 0.412503096358682 0.312126021676951 0.401196864985908
400 0.470965293518268 0.41312236809512 0.312126021676951 0.401969035944558
401 0.48500176755599 0.412812732226901 0.312126021676951 0.400939474666358
402 0.468365946474246 0.413432003963339 0.312338207959532 0.401196864985908
403 0.474084509971095 0.41312236809512 0.312338207959532 0.402226426264108
404 0.475124248788704 0.413432003963339 0.312338207959532 0.401454255305458
405 0.482922289920772 0.413432003963339 0.312338207959532 0.401454255305458
406 0.476163987606313 0.413432003963339 0.312338207959532 0.401711645625008
407 0.490200461644035 0.41312236809512 0.312338207959532 0.402741206903208
408 0.490200461644035 0.413432003963339 0.312338207959532 0.401969035944558
409 0.488640853417621 0.413432003963339 0.312338207959532 0.402226426264108
410 0.49072033105284 0.413432003963339 0.312338207959532 0.402226426264108
411 0.496438894549689 0.413432003963339 0.312338207959532 0.402741206903208
412 0.486041506373599 0.413432003963339 0.312338207959532 0.402483816583658
413 0.493839547505667 0.413432003963339 0.312550394242113 0.402483816583658
414 0.508395890952193 0.413432003963339 0.312338207959532 0.402226426264108
415 0.496438894549689 0.413432003963339 0.312550394242113 0.402741206903208
416 0.499558111002516 0.414051275699777 0.312762580524694 0.402483816583658
417 0.508915760360997 0.413432003963339 0.312762580524694 0.402226426264108
418 0.50579654390817 0.413741639831558 0.312974766807275 0.402483816583658
419 0.506836282725779 0.414360911567996 0.313186953089857 0.402741206903208
420 0.529190667304373 0.414051275699777 0.313186953089857 0.402741206903208
421 0.517753540310674 0.413432003963339 0.313399139372438 0.402998597222758
422 0.530230406121982 0.413432003963339 0.312974766807275 0.402741206903208
423 0.519833017945892 0.414051275699777 0.312974766807275 0.402998597222758
424 0.52763105907796 0.414051275699777 0.312550394242113 0.402998597222758
425 0.534389361392418 0.413741639831558 0.312550394242113 0.402998597222758
426 0.539068186071659 0.414670547436215 0.312762580524694 0.402741206903208
427 0.534389361392418 0.414051275699777 0.312974766807275 0.402998597222758
428 0.537508577845245 0.413432003963339 0.312762580524694 0.402998597222758
429 0.528150928486764 0.414670547436215 0.312550394242113 0.402998597222758
430 0.532829753166005 0.414980183304434 0.312550394242113 0.402998597222758
431 0.541147663706877 0.415909090909091 0.312762580524694 0.402998597222758
432 0.540627794298072 0.414670547436215 0.312338207959532 0.402998597222758
433 0.541667533115681 0.414670547436215 0.312338207959532 0.402998597222758
434 0.540107924889268 0.414360911567996 0.312550394242113 0.402998597222758
435 0.544786749568508 0.415289819172653 0.312550394242113 0.402998597222758
436 0.544786749568508 0.414980183304434 0.312550394242113 0.402998597222758
437 0.544786749568508 0.414980183304434 0.312338207959532 0.402998597222758
438 0.555184137744599 0.41621872677731 0.312338207959532 0.402483816583658
439 0.54842583543014 0.415289819172653 0.312338207959532 0.402998597222758
440 0.548945704838944 0.414670547436215 0.312762580524694 0.402998597222758
441 0.562462309467862 0.416528362645529 0.312550394242113 0.402998597222758
442 0.567661003555907 0.414980183304434 0.312974766807275 0.402998597222758
443 0.55882322360623 0.416528362645529 0.312762580524694 0.402998597222758
444 0.570780220008734 0.415909090909091 0.312974766807275 0.402998597222758
445 0.570260350599929 0.415909090909091 0.312550394242113 0.402998597222758
446 0.581177608184824 0.416837998513748 0.313611325655019 0.402998597222758
447 0.572339828235147 0.415289819172653 0.313186953089857 0.402998597222758
448 0.571300089417538 0.41621872677731 0.312974766807275 0.402998597222758
449 0.570780220008734 0.415909090909091 0.313186953089857 0.402998597222758
450 0.584296824637651 0.416837998513748 0.313186953089857 0.402998597222758
451 0.588455779908087 0.41621872677731 0.313186953089857 0.402998597222758
452 0.585856432864065 0.41621872677731 0.312762580524694 0.402998597222758
453 0.590015388134501 0.416528362645529 0.313611325655019 0.402998597222758
454 0.602492253945809 0.416528362645529 0.313186953089857 0.402998597222758
455 0.592614735178523 0.416837998513748 0.313611325655019 0.402998597222758
456 0.597813429266568 0.41621872677731 0.3138235119376 0.402998597222758
457 0.599892906901786 0.416837998513748 0.3138235119376 0.402998597222758
458 0.601972384537004 0.416528362645529 0.312974766807275 0.402998597222758
459 0.602492253945809 0.416837998513748 0.313611325655019 0.402998597222758
460 0.613409511530703 0.416837998513748 0.313186953089857 0.402998597222758
461 0.619128075027553 0.416528362645529 0.313186953089857 0.402998597222758
462 0.637323504335711 0.415909090909091 0.312550394242113 0.402998597222758
463 0.624326769115598 0.416528362645529 0.312762580524694 0.402998597222758
464 0.635763896109297 0.41621872677731 0.312974766807275 0.402998597222758
465 0.631085071430057 0.415909090909091 0.313186953089857 0.402998597222758
466 0.628485724386034 0.41621872677731 0.313186953089857 0.402998597222758
467 0.639922851379733 0.416528362645529 0.312338207959532 0.402998597222758
468 0.639922851379733 0.415909090909091 0.312550394242113 0.402998597222758
469 0.633684418474079 0.416528362645529 0.312974766807275 0.402998597222758
470 0.635244026700493 0.415909090909091 0.312338207959532 0.402998597222758
471 0.640962590197342 0.41621872677731 0.312338207959532 0.402998597222758
472 0.645121545467779 0.416528362645529 0.312974766807275 0.402998597222758
473 0.639922851379733 0.415909090909091 0.312974766807275 0.402998597222758
474 0.645641414876583 0.415289819172653 0.312974766807275 0.402998597222758
475 0.63836324315332 0.416837998513748 0.313186953089857 0.402998597222758
476 0.658638150096696 0.41621872677731 0.312338207959532 0.402998597222758
477 0.657598411279087 0.416528362645529 0.314035698220181 0.402998597222758
478 0.677873318222463 0.415909090909091 0.313611325655019 0.402998597222758
479 0.665916321819959 0.416528362645529 0.313611325655019 0.402998597222758
480 0.674754101769635 0.416528362645529 0.3138235119376 0.402998597222758
481 0.669035538272786 0.416528362645529 0.313186953089857 0.402998597222758
482 0.671115015908004 0.416528362645529 0.312974766807275 0.402998597222758
483 0.671634885316808 0.416528362645529 0.313186953089857 0.402998597222758
484 0.671634885316808 0.415909090909091 0.314035698220181 0.402998597222758
485 0.688790575807357 0.416837998513748 0.3138235119376 0.402998597222758
486 0.680472665266485 0.416837998513748 0.313186953089857 0.402998597222758
487 0.687230967580944 0.416837998513748 0.312974766807275 0.402998597222758
488 0.687750836989748 0.416837998513748 0.313399139372438 0.402998597222758
489 0.688790575807357 0.416837998513748 0.312550394242113 0.402998597222758
490 0.702307180436274 0.416837998513748 0.314247884502763 0.402998597222758
491 0.724661565014868 0.416837998513748 0.313399139372438 0.402998597222758
492 0.708545613341929 0.416837998513748 0.313186953089857 0.402998597222758
493 0.702307180436274 0.416528362645529 0.312974766807275 0.402998597222758
494 0.723101956788455 0.416837998513748 0.313611325655019 0.402998597222758
495 0.718943001518019 0.416837998513748 0.313611325655019 0.402998597222758
496 0.722062217970846 0.416837998513748 0.313611325655019 0.402998597222758
497 0.739217908461394 0.416837998513748 0.314247884502763 0.402998597222758
498 0.704386658071492 0.416837998513748 0.314460070785344 0.402998597222758
499 0.731939736738131 0.416837998513748 0.314035698220181 0.402998597222758
500 0.735058953190958 0.416837998513748 0.314035698220181 0.402998597222758
501 0.7283006508765 0.416837998513748 0.3138235119376 0.402998597222758
502 0.734019214373349 0.416837998513748 0.314035698220181 0.402998597222758
503 0.744936471958244 0.416837998513748 0.314247884502763 0.402998597222758
504 0.737658300234981 0.416837998513748 0.314247884502763 0.402998597222758
505 0.726221173241282 0.416837998513748 0.313611325655019 0.402998597222758
506 0.733499344964545 0.416837998513748 0.314247884502763 0.402998597222758
507 0.729860259102913 0.416837998513748 0.314247884502763 0.403255987542309
508 0.745456341367049 0.417147634381967 0.314247884502763 0.402998597222758
509 0.746496080184658 0.416837998513748 0.314460070785344 0.402998597222758
510 0.745456341367049 0.416837998513748 0.314460070785344 0.402998597222758
511 0.734019214373349 0.416837998513748 0.314460070785344 0.402998597222758
512 0.751174904863898 0.416837998513748 0.314035698220181 0.402998597222758
513 0.74441660254944 0.416837998513748 0.314247884502763 0.402998597222758
514 0.760532554222379 0.416837998513748 0.314247884502763 0.402998597222758
515 0.766251117719229 0.416837998513748 0.314460070785344 0.402998597222758
516 0.750655035455094 0.416837998513748 0.314460070785344 0.402998597222758
517 0.756893468360748 0.416837998513748 0.314460070785344 0.402998597222758
518 0.758453076587161 0.416837998513748 0.314460070785344 0.402998597222758
519 0.767810725945642 0.416837998513748 0.314247884502763 0.402998597222758
520 0.772489550624883 0.416837998513748 0.314035698220181 0.402998597222758
521 0.773529289442492 0.416837998513748 0.314460070785344 0.402998597222758
522 0.760012684813575 0.416837998513748 0.314247884502763 0.402998597222758
523 0.756373598951943 0.416837998513748 0.314247884502763 0.402998597222758
524 0.771969681216079 0.416837998513748 0.314035698220181 0.402998597222758
525 0.770410072989665 0.416837998513748 0.314035698220181 0.402998597222758
526 0.777168375304124 0.416837998513748 0.314460070785344 0.402998597222758
527 0.789645241115432 0.416837998513748 0.314460070785344 0.402998597222758
528 0.779247852939342 0.416837998513748 0.314247884502763 0.402998597222758
529 0.786526024662605 0.416837998513748 0.314035698220181 0.402998597222758
530 0.787565763480214 0.416837998513748 0.314460070785344 0.402998597222758
531 0.795883674021086 0.416837998513748 0.314247884502763 0.402998597222758
532 0.788605502297823 0.416837998513748 0.314460070785344 0.402998597222758
533 0.793284326977063 0.416837998513748 0.314247884502763 0.402998597222758
534 0.80212210692674 0.416837998513748 0.314460070785344 0.402998597222758
535 0.798483021065108 0.416837998513748 0.314460070785344 0.402998597222758
536 0.799522759882717 0.416837998513748 0.314460070785344 0.402998597222758
537 0.806800931605981 0.416837998513748 0.314460070785344 0.402998597222758
538 0.794843935203477 0.416837998513748 0.314460070785344 0.403255987542309
539 0.797443282247499 0.417147634381967 0.314035698220181 0.402998597222758
540 0.795363804612281 0.416837998513748 0.314460070785344 0.402998597222758
541 0.813039364511635 0.417147634381967 0.314247884502763 0.402998597222758
542 0.809400278650003 0.416837998513748 0.314460070785344 0.402998597222758
543 0.810959886876417 0.416837998513748 0.314460070785344 0.402998597222758
544 0.809920148058808 0.416837998513748 0.313611325655019 0.403255987542309
545 0.80212210692674 0.417147634381967 0.314247884502763 0.402998597222758
546 0.819277797417289 0.416837998513748 0.314460070785344 0.402998597222758
547 0.816158580964462 0.417147634381967 0.314460070785344 0.403255987542309
548 0.803681715153154 0.416837998513748 0.314460070785344 0.402998597222758
549 0.809400278650003 0.416837998513748 0.314460070785344 0.403770768181409
550 0.837473226725447 0.417147634381967 0.314460070785344 0.403255987542309
551 0.825516230322943 0.416837998513748 0.314460070785344 0.403255987542309
552 0.835913618499033 0.417147634381967 0.314460070785344 0.402998597222758
553 0.811479756285221 0.417457270250186 0.314460070785344 0.403255987542309
554 0.852029570171973 0.416837998513748 0.314247884502763 0.403255987542309
555 0.830195055002183 0.416837998513748 0.314460070785344 0.403255987542309
556 0.821877144461311 0.417147634381967 0.314460070785344 0.402998597222758
557 0.827595707958161 0.417147634381967 0.314460070785344 0.402998597222758
558 0.823436752687725 0.416837998513748 0.314460070785344 0.402998597222758
559 0.831234793819792 0.416837998513748 0.314247884502763 0.403255987542309
560 0.824996360914138 0.416837998513748 0.314247884502763 0.403513377861859
561 0.836953357316642 0.416837998513748 0.314460070785344 0.403255987542309
562 0.824996360914138 0.417147634381967 0.314460070785344 0.403513377861859
563 0.845271267857514 0.417147634381967 0.314460070785344 0.403513377861859
564 0.842671920813492 0.416837998513748 0.314247884502763 0.403255987542309
565 0.855668656033604 0.417147634381967 0.314247884502763 0.403255987542309
566 0.840072573769469 0.416837998513748 0.314460070785344 0.402998597222758
567 0.851509700763168 0.416837998513748 0.314460070785344 0.403513377861859
568 0.849950092536755 0.417457270250186 0.314460070785344 0.403513377861859
569 0.846311006675123 0.416837998513748 0.314460070785344 0.403255987542309
570 0.846830876083928 0.416837998513748 0.314460070785344 0.403255987542309
571 0.856708394851213 0.417457270250186 0.314460070785344 0.403770768181409
572 0.846830876083928 0.417457270250186 0.314460070785344 0.402998597222758
573 0.846311006675123 0.417766906118405 0.314247884502763 0.403770768181409
574 0.867105783027304 0.417457270250186 0.314247884502763 0.404028158500959
575 0.868145521844913 0.418076541986624 0.314460070785344 0.404028158500959
576 0.845791137266319 0.418076541986624 0.314460070785344 0.403255987542309
577 0.853069308989582 0.417147634381967 0.314460070785344 0.403770768181409
578 0.862426958348063 0.417457270250186 0.314460070785344 0.403513377861859
579 0.851509700763168 0.417766906118405 0.314460070785344 0.403513377861859
580 0.868145521844913 0.417766906118405 0.314460070785344 0.403255987542309
581 0.878542910021003 0.417457270250186 0.314460070785344 0.403255987542309
582 0.872824346524153 0.417457270250186 0.314460070785344 0.402998597222758
583 0.867625652436108 0.417147634381967 0.314035698220181 0.403255987542309
584 0.874383954750567 0.417457270250186 0.314460070785344 0.403513377861859
585 0.878023040612198 0.417766906118405 0.314460070785344 0.403513377861859
586 0.871784607706544 0.417147634381967 0.314460070785344 0.403255987542309
587 0.867625652436108 0.417766906118405 0.314460070785344 0.402998597222758
588 0.873344215932958 0.417147634381967 0.314460070785344 0.403513377861859
589 0.85982761130404 0.417766906118405 0.314460070785344 0.404028158500959
590 0.860867350121649 0.417766906118405 0.314460070785344 0.403255987542309
591 0.877503171203394 0.417147634381967 0.314460070785344 0.404028158500959
592 0.873344215932958 0.416837998513748 0.314247884502763 0.403513377861859
593 0.872304477115349 0.417147634381967 0.314460070785344 0.403770768181409
594 0.874383954750567 0.416837998513748 0.314460070785344 0.404028158500959
595 0.873864085341762 0.417147634381967 0.314460070785344 0.403255987542309
596 0.865026305392085 0.417457270250186 0.314247884502763 0.403513377861859
597 0.894138992285138 0.417457270250186 0.314460070785344 0.403770768181409
598 0.894138992285138 0.417147634381967 0.314460070785344 0.404028158500959
599 0.878023040612198 0.416837998513748 0.314460070785344 0.403255987542309
600 0.882701865291439 0.417147634381967 0.314460070785344 0.404028158500959
601 0.885301212335461 0.417457270250186 0.314460070785344 0.403770768181409
602 0.883741604109048 0.417766906118405 0.314460070785344 0.404542939140059
603 0.883221734700243 0.417147634381967 0.314460070785344 0.404028158500959
604 0.89205951464992 0.418076541986624 0.314247884502763 0.403770768181409
605 0.905056249870033 0.417766906118405 0.314460070785344 0.403770768181409
606 0.893619122876333 0.417766906118405 0.314460070785344 0.404285548820509
607 0.899337686373183 0.417147634381967 0.314460070785344 0.403770768181409
608 0.878023040612198 0.418386177854843 0.314460070785344 0.404285548820509
609 0.899337686373183 0.417147634381967 0.314460070785344 0.403770768181409
610 0.889980037014702 0.418695813723062 0.314672257067925 0.404800329459609
611 0.899337686373183 0.418076541986624 0.314460070785344 0.404285548820509
612 0.896218469920356 0.417147634381967 0.314460070785344 0.404800329459609
613 0.888420428788288 0.417457270250186 0.314460070785344 0.404800329459609
614 0.909735074549273 0.418695813723062 0.314460070785344 0.404028158500959
615 0.904016511052424 0.417766906118405 0.314460070785344 0.404028158500959
616 0.889980037014702 0.418386177854843 0.314247884502763 0.404800329459609
617 0.904016511052424 0.418076541986624 0.314460070785344 0.404542939140059
618 0.90817546632286 0.417457270250186 0.314460070785344 0.404285548820509
619 0.904016511052424 0.418076541986624 0.314460070785344 0.404028158500959
620 0.893619122876333 0.418076541986624 0.314460070785344 0.404028158500959
621 0.909735074549273 0.417766906118405 0.314460070785344 0.404800329459609
622 0.90245690282601 0.418695813723062 0.314460070785344 0.404028158500959
623 0.894138992285138 0.418695813723062 0.314460070785344 0.404542939140059
624 0.900897294599597 0.418386177854843 0.314460070785344 0.405057719779159
625 0.9242914179958 0.418386177854843 0.314672257067925 0.403770768181409
626 0.906095988687642 0.418076541986624 0.314460070785344 0.404542939140059
627 0.914413899228514 0.417766906118405 0.314460070785344 0.404542939140059
628 0.914413899228514 0.417766906118405 0.314460070785344 0.404285548820509
629 0.907135727505251 0.418386177854843 0.314460070785344 0.404028158500959
630 0.910254943958078 0.418386177854843 0.314460070785344 0.404028158500959
631 0.904016511052424 0.418076541986624 0.314460070785344 0.404285548820509
632 0.906095988687642 0.417147634381967 0.314460070785344 0.404285548820509
633 0.925851026222213 0.417766906118405 0.314460070785344 0.404285548820509
634 0.914413899228514 0.418386177854843 0.314460070785344 0.404542939140059
635 0.909215205140469 0.417457270250186 0.314460070785344 0.404028158500959
636 0.920132462725363 0.418695813723062 0.314672257067925 0.404028158500959
637 0.909735074549273 0.418386177854843 0.314460070785344 0.403770768181409
638 0.914933768637318 0.417147634381967 0.314460070785344 0.404542939140059
639 0.909215205140469 0.418695813723062 0.314460070785344 0.403513377861859
640 0.919612593316559 0.418386177854843 0.314460070785344 0.404028158500959
641 0.91857285449895 0.418076541986624 0.314460070785344 0.404800329459609
642 0.920132462725363 0.418386177854843 0.314460070785344 0.404028158500959
643 0.909735074549273 0.418695813723062 0.314460070785344 0.404800329459609
644 0.914933768637318 0.418386177854843 0.314460070785344 0.404542939140059
645 0.901937033417206 0.419005449591281 0.314460070785344 0.404542939140059
646 0.921692070951777 0.418386177854843 0.314460070785344 0.403770768181409
647 0.914933768637318 0.418076541986624 0.314460070785344 0.405057719779159
648 0.931049720310258 0.418386177854843 0.314460070785344 0.404800329459609
649 0.909735074549273 0.419005449591281 0.314460070785344 0.404028158500959
650 0.920652332134168 0.419005449591281 0.314460070785344 0.405057719779159
651 0.918052985090145 0.418386177854843 0.314460070785344 0.403770768181409
652 0.915973507454927 0.417766906118405 0.314460070785344 0.405315110098709
653 0.91857285449895 0.419005449591281 0.314672257067925 0.404800329459609
654 0.933649067354281 0.419005449591281 0.314460070785344 0.403770768181409
655 0.919612593316559 0.417766906118405 0.314884443350506 0.404028158500959
656 0.936248414398303 0.419005449591281 0.314460070785344 0.404800329459609
657 0.915973507454927 0.418386177854843 0.314460070785344 0.404800329459609
658 0.930529850901454 0.418076541986624 0.314460070785344 0.404542939140059
659 0.941447108486348 0.419005449591281 0.314460070785344 0.405315110098709
660 0.922731809769386 0.418695813723062 0.314460070785344 0.404800329459609
661 0.93468880617189 0.418695813723062 0.314460070785344 0.405057719779159
662 0.941447108486348 0.419005449591281 0.314460070785344 0.405057719779159
663 0.925851026222213 0.419624721327719 0.314460070785344 0.405057719779159
664 0.920132462725363 0.418076541986624 0.314460070785344 0.404800329459609
665 0.933129197945476 0.418386177854843 0.314672257067925 0.404542939140059
666 0.936248414398303 0.419005449591281 0.314884443350506 0.404285548820509
667 0.931569589719063 0.418076541986624 0.314460070785344 0.404800329459609
668 0.922731809769386 0.417766906118405 0.314460070785344 0.404285548820509
669 0.935208675580694 0.419005449591281 0.314460070785344 0.404542939140059
670 0.935728544989499 0.417766906118405 0.314672257067925 0.404028158500959
671 0.931569589719063 0.417457270250186 0.314460070785344 0.404800329459609
672 0.934168936763085 0.419005449591281 0.314460070785344 0.404800329459609
673 0.925851026222213 0.419005449591281 0.314672257067925 0.404542939140059
674 0.936768283807108 0.419005449591281 0.314460070785344 0.404800329459609
675 0.936248414398303 0.418386177854843 0.314460070785344 0.404285548820509
676 0.932089459127867 0.418076541986624 0.314460070785344 0.403770768181409
677 0.946645802574393 0.418386177854843 0.314460070785344 0.404285548820509
678 0.951844496662438 0.418386177854843 0.314672257067925 0.404542939140059
679 0.932089459127867 0.418695813723062 0.314460070785344 0.405057719779159
680 0.941447108486348 0.418386177854843 0.314672257067925 0.405572500418259
681 0.932609328536672 0.419005449591281 0.314460070785344 0.405057719779159
682 0.940407369668739 0.419005449591281 0.314460070785344 0.404542939140059
683 0.937288153215912 0.419624721327719 0.314460070785344 0.404800329459609
684 0.920652332134168 0.419005449591281 0.314460070785344 0.404800329459609
685 0.930529850901454 0.418076541986624 0.314460070785344 0.405315110098709
686 0.941447108486348 0.418076541986624 0.314460070785344 0.404800329459609
687 0.936248414398303 0.419005449591281 0.314460070785344 0.403770768181409
688 0.938847761442326 0.4193150854595 0.314460070785344 0.405572500418259
689 0.947165671983198 0.419624721327719 0.314672257067925 0.405315110098709
690 0.936248414398303 0.419005449591281 0.314460070785344 0.404800329459609
691 0.936768283807108 0.418386177854843 0.314884443350506 0.405057719779159
692 0.930009981492649 0.419005449591281 0.314460070785344 0.405057719779159
693 0.936248414398303 0.417766906118405 0.314460070785344 0.404542939140059
694 0.941966977895153 0.418076541986624 0.314460070785344 0.404542939140059
695 0.942486847303957 0.418695813723062 0.314460070785344 0.405057719779159
696 0.936248414398303 0.418386177854843 0.314460070785344 0.404542939140059
697 0.952364366071243 0.4193150854595 0.314460070785344 0.404800329459609
698 0.94976501902722 0.4193150854595 0.314460070785344 0.405057719779159
699 0.937808022624717 0.419005449591281 0.314672257067925 0.404800329459609
700 0.951324627253634 0.418695813723062 0.314460070785344 0.404542939140059
701 0.941447108486348 0.419934357195938 0.314672257067925 0.405315110098709
702 0.93936763085113 0.419624721327719 0.314460070785344 0.405315110098709
703 0.951324627253634 0.419934357195938 0.314672257067925 0.405572500418259
704 0.935208675580694 0.419934357195938 0.314460070785344 0.404800329459609
705 0.941447108486348 0.4193150854595 0.314460070785344 0.405315110098709
706 0.952364366071243 0.4193150854595 0.314460070785344 0.405315110098709
707 0.942486847303957 0.419934357195938 0.315096629633087 0.405315110098709
708 0.95548358252407 0.419005449591281 0.314460070785344 0.404542939140059
709 0.95548358252407 0.419624721327719 0.314884443350506 0.405315110098709
710 0.952364366071243 0.419624721327719 0.314672257067925 0.404800329459609
711 0.949245149618416 0.419934357195938 0.314460070785344 0.405315110098709
712 0.957563060159288 0.419934357195938 0.314460070785344 0.405315110098709
713 0.94976501902722 0.419934357195938 0.314672257067925 0.405315110098709
714 0.957563060159288 0.419934357195938 0.314672257067925 0.404800329459609
715 0.943526586121566 0.419934357195938 0.314672257067925 0.405057719779159
716 0.942486847303957 0.419934357195938 0.314672257067925 0.405572500418259
717 0.949245149618416 0.419934357195938 0.314460070785344 0.404800329459609
718 0.954963713115265 0.419934357195938 0.314884443350506 0.405057719779159
719 0.94976501902722 0.419934357195938 0.315308815915669 0.405572500418259
720 0.96120214602092 0.419934357195938 0.314672257067925 0.405572500418259
721 0.947165671983198 0.419934357195938 0.314460070785344 0.405315110098709
722 0.946125933165589 0.419934357195938 0.314460070785344 0.404542939140059
723 0.947685541392002 0.419934357195938 0.314672257067925 0.405572500418259
724 0.954963713115265 0.419624721327719 0.314460070785344 0.405572500418259
725 0.936768283807108 0.419934357195938 0.314460070785344 0.405315110098709
726 0.952364366071243 0.419934357195938 0.314884443350506 0.405572500418259
727 0.938847761442326 0.419934357195938 0.31552100219825 0.405572500418259
728 0.941966977895153 0.419934357195938 0.314884443350506 0.405315110098709
729 0.947165671983198 0.419934357195938 0.314672257067925 0.404542939140059
730 0.941447108486348 0.419624721327719 0.314672257067925 0.405572500418259
731 0.958082929568092 0.419934357195938 0.314672257067925 0.405057719779159
732 0.952364366071243 0.419934357195938 0.314460070785344 0.405315110098709
733 0.962761754247333 0.419934357195938 0.314672257067925 0.405315110098709
734 0.962761754247333 0.419005449591281 0.314460070785344 0.405057719779159
735 0.960682276612115 0.419934357195938 0.314672257067925 0.404800329459609
736 0.952364366071243 0.419624721327719 0.314460070785344 0.405315110098709
737 0.963281623656138 0.419624721327719 0.314460070785344 0.404542939140059
738 0.959642537794506 0.419934357195938 0.315308815915669 0.405057719779159
739 0.945606063756784 0.419934357195938 0.314460070785344 0.404542939140059
740 0.956523321341679 0.419934357195938 0.314460070785344 0.404800329459609
741 0.96120214602092 0.419934357195938 0.314672257067925 0.405572500418259
742 0.970039925970596 0.419934357195938 0.314672257067925 0.405315110098709
743 0.963281623656138 0.419934357195938 0.314672257067925 0.405057719779159
744 0.954963713115265 0.419934357195938 0.314672257067925 0.405315110098709
745 0.954963713115265 0.419934357195938 0.314672257067925 0.404800329459609
746 0.94508619434798 0.419934357195938 0.314460070785344 0.404542939140059
747 0.95548358252407 0.419934357195938 0.314460070785344 0.405057719779159
748 0.952364366071243 0.419934357195938 0.314884443350506 0.405057719779159
749 0.941447108486348 0.419624721327719 0.314460070785344 0.405315110098709
750 0.967960448335378 0.419934357195938 0.314672257067925 0.405315110098709
751 0.945606063756784 0.419934357195938 0.314460070785344 0.405315110098709
752 0.950284888436025 0.419934357195938 0.314460070785344 0.405315110098709
753 0.962241884838529 0.419624721327719 0.314672257067925 0.405057719779159
754 0.958082929568092 0.419934357195938 0.314672257067925 0.404800329459609
755 0.963281623656138 0.419934357195938 0.314460070785344 0.405572500418259
756 0.947165671983198 0.419934357195938 0.314460070785344 0.404800329459609
757 0.956003451932875 0.419934357195938 0.314460070785344 0.404800329459609
758 0.931569589719063 0.419934357195938 0.314460070785344 0.405315110098709
759 0.966920709517769 0.419934357195938 0.314460070785344 0.405315110098709
760 0.965361101291356 0.419934357195938 0.314460070785344 0.404542939140059
761 0.960162407203311 0.419624721327719 0.314460070785344 0.405057719779159
762 0.941447108486348 0.419934357195938 0.314460070785344 0.405057719779159
763 0.947165671983198 0.419934357195938 0.314460070785344 0.405315110098709
764 0.947685541392002 0.419934357195938 0.314460070785344 0.404800329459609
765 0.958082929568092 0.419934357195938 0.314672257067925 0.405057719779159
766 0.970039925970596 0.419624721327719 0.314460070785344 0.405057719779159
767 0.954963713115265 0.419934357195938 0.314460070785344 0.405572500418259
768 0.953923974297656 0.419934357195938 0.314672257067925 0.404800329459609
769 0.942486847303957 0.419624721327719 0.314460070785344 0.405057719779159
770 0.951844496662438 0.419934357195938 0.314460070785344 0.405057719779159
771 0.956003451932875 0.419934357195938 0.314460070785344 0.405057719779159
772 0.965361101291356 0.419934357195938 0.314460070785344 0.405057719779159
773 0.954443843706461 0.419934357195938 0.314460070785344 0.405057719779159
774 0.962761754247333 0.419624721327719 0.314460070785344 0.405572500418259
775 0.966400840108965 0.419934357195938 0.314460070785344 0.405572500418259
776 0.954443843706461 0.419624721327719 0.314672257067925 0.405315110098709
777 0.962761754247333 0.419934357195938 0.314460070785344 0.405057719779159
778 0.952364366071243 0.419934357195938 0.314460070785344 0.405315110098709
779 0.961722015429724 0.419934357195938 0.314460070785344 0.404800329459609
780 0.946125933165589 0.419934357195938 0.314460070785344 0.405572500418259
781 0.952364366071243 0.419624721327719 0.314460070785344 0.404800329459609
782 0.94508619434798 0.419934357195938 0.314460070785344 0.405315110098709
783 0.950284888436025 0.4193150854595 0.314460070785344 0.405315110098709
784 0.957563060159288 0.419934357195938 0.314460070785344 0.405315110098709
785 0.958082929568092 0.419934357195938 0.314460070785344 0.404800329459609
786 0.942486847303957 0.419934357195938 0.314460070785344 0.404800329459609
787 0.960682276612115 0.419934357195938 0.314460070785344 0.405057719779159
788 0.962761754247333 0.419624721327719 0.314460070785344 0.404542939140059
789 0.966920709517769 0.419934357195938 0.314672257067925 0.405057719779159
790 0.948725280209611 0.419934357195938 0.314460070785344 0.404800329459609
791 0.962761754247333 0.419624721327719 0.314460070785344 0.405572500418259
792 0.956003451932875 0.418695813723062 0.314460070785344 0.404542939140059
793 0.96120214602092 0.419624721327719 0.314460070785344 0.405057719779159
794 0.95548358252407 0.419934357195938 0.314460070785344 0.404800329459609
795 0.967960448335378 0.419934357195938 0.314460070785344 0.404285548820509
796 0.96120214602092 0.419934357195938 0.314460070785344 0.405315110098709
797 0.965361101291356 0.419934357195938 0.314460070785344 0.405057719779159
798 0.957563060159288 0.419934357195938 0.314460070785344 0.405315110098709
799 0.953923974297656 0.419934357195938 0.314460070785344 0.405315110098709
800 0.952364366071243 0.419624721327719 0.314460070785344 0.405057719779159
801 0.978877705920273 0.419934357195938 0.314460070785344 0.405057719779159
802 0.966920709517769 0.419624721327719 0.314460070785344 0.404800329459609
803 0.956523321341679 0.419624721327719 0.314460070785344 0.405057719779159
804 0.973159142423423 0.419934357195938 0.314460070785344 0.404800329459609
805 0.951324627253634 0.419934357195938 0.314460070785344 0.405057719779159
806 0.962761754247333 0.419934357195938 0.314672257067925 0.405315110098709
807 0.972639273014619 0.419934357195938 0.314460070785344 0.405057719779159
808 0.952364366071243 0.419934357195938 0.314672257067925 0.405315110098709
809 0.972639273014619 0.419624721327719 0.314460070785344 0.404800329459609
810 0.960162407203311 0.419934357195938 0.314460070785344 0.405572500418259
811 0.96588097070016 0.419624721327719 0.314460070785344 0.405572500418259
812 0.959642537794506 0.419934357195938 0.314460070785344 0.405315110098709
813 0.975238620058641 0.419934357195938 0.314672257067925 0.405057719779159
814 0.953404104888852 0.419934357195938 0.314247884502763 0.405057719779159
815 0.952884235480047 0.419934357195938 0.314460070785344 0.405572500418259
816 0.959122668385701 0.419934357195938 0.314460070785344 0.404800329459609
817 0.969000187152987 0.4193150854595 0.314460070785344 0.405572500418259
818 0.957563060159288 0.419624721327719 0.314460070785344 0.405315110098709
