200 0.261
201 0.264
202 0.267
203 0.268
204 0.269
205 0.267
206 0.272
207 0.272
208 0.273
209 0.275
210 0.275
211 0.279
212 0.281
213 0.283
214 0.284
215 0.287
216 0.303
217 0.303
218 0.309
219 0.306
220 0.311
221 0.308
222 0.312
223 0.31
224 0.312
225 0.312
226 0.315
227 0.316
228 0.318
229 0.315
230 0.321
231 0.319
232 0.32
233 0.318
234 0.323
235 0.321
236 0.322
237 0.322
238 0.324
239 0.327
240 0.326
241 0.324
242 0.33
243 0.329
244 0.326
245 0.33
246 0.33
247 0.33
248 0.329
249 0.33
250 0.331
251 0.33
252 0.333
253 0.334
254 0.334
255 0.334
256 0.34
257 0.338
258 0.341
259 0.34
260 0.342
261 0.339
262 0.344
263 0.341
264 0.338
265 0.343
266 0.341
267 0.345
268 0.347
269 0.35
270 0.346
271 0.347
272 0.351
273 0.35
274 0.352
275 0.35
276 0.352
277 0.355
278 0.356
279 0.356
280 0.354
281 0.354
282 0.36
283 0.355
284 0.358
285 0.364
286 0.358
287 0.359
288 0.355
289 0.36
290 0.366
291 0.362
292 0.368
293 0.365
294 0.364
295 0.368
296 0.373
297 0.368
298 0.369
299 0.373
300 0.373
301 0.374
302 0.372
303 0.375
304 0.377
305 0.38
306 0.377
307 0.379
308 0.38
309 0.379
310 0.383
311 0.384
312 0.381
313 0.383
314 0.389
315 0.383
316 0.387
317 0.39
318 0.386
319 0.391
320 0.388
321 0.39
322 0.389
323 0.398
324 0.394
325 0.401
326 0.4
327 0.396
328 0.402
329 0.405
330 0.402
331 0.404
332 0.402
333 0.408
334 0.407
335 0.403
336 0.4
337 0.409
338 0.411
339 0.414
340 0.41
341 0.415
342 0.414
343 0.415
344 0.414
345 0.414
346 0.416
347 0.415
348 0.415
349 0.415
350 0.419
351 0.425
352 0.424
353 0.42
354 0.426
355 0.428
356 0.428
357 0.428
358 0.43
359 0.433
360 0.436
361 0.433
362 0.435
363 0.436
364 0.441
365 0.437
366 0.444
367 0.443
368 0.441
369 0.447
370 0.446
371 0.446
372 0.453
373 0.45
374 0.452
375 0.451
376 0.453
377 0.453
378 0.46
379 0.464
380 0.456
381 0.463
382 0.465
383 0.451
384 0.451
385 0.456
386 0.456
387 0.457
388 0.454
389 0.457
390 0.451
391 0.45
392 0.455
393 0.452
394 0.457
395 0.458
396 0.459
397 0.457
398 0.46
399 0.462
400 0.461
401 0.465
402 0.465
403 0.467
404 0.465
405 0.463
406 0.464
407 0.469
408 0.471
409 0.48
410 0.479
411 0.487
412 0.479
413 0.484
414 0.489
415 0.485
416 0.49
417 0.493
418 0.479
419 0.483
420 0.482
421 0.487
422 0.485
423 0.486
424 0.49
425 0.49
426 0.489
427 0.49
428 0.495
429 0.492
430 0.497
431 0.493
432 0.497
433 0.498
434 0.497
435 0.499
436 0.504
437 0.502
438 0.499
439 0.507
440 0.502
441 0.508
442 0.513
443 0.509
444 0.513
445 0.509
446 0.51
447 0.513
448 0.518
449 0.518
450 0.515
451 0.525
452 0.524
453 0.527
454 0.532
455 0.527
456 0.532
457 0.535
458 0.534
459 0.533
460 0.538
461 0.54
462 0.542
463 0.544
464 0.541
465 0.549
466 0.547
467 0.547
468 0.551
469 0.551
470 0.555
471 0.55
472 0.555
473 0.554
474 0.556
475 0.56
476 0.564
477 0.558
478 0.561
479 0.568
480 0.564
481 0.564
482 0.568
483 0.573
484 0.575
485 0.58
486 0.58
487 0.579
488 0.578
489 0.584
490 0.587
491 0.581
492 0.586
493 0.589
494 0.592
495 0.592
496 0.591
497 0.595
498 0.592
499 0.597
500 0.6
501 0.596
502 0.597
503 0.598
504 0.607
505 0.61
506 0.61
507 0.606
508 0.613
509 0.618
510 0.615
511 0.62
512 0.616
513 0.62
514 0.621
515 0.62
516 0.628
517 0.63
518 0.635
519 0.632
520 0.633
521 0.638
522 0.644
523 0.639
524 0.639
525 0.645
526 0.652
527 0.632
528 0.651
529 0.65
530 0.66
531 0.656
532 0.66
533 0.669
534 0.657
535 0.665
536 0.657
537 0.667
538 0.672
539 0.674
540 0.674
541 0.681
542 0.685
543 0.676
544 0.683
545 0.689
546 0.682
547 0.682
548 0.683
549 0.685
550 0.689
551 0.691
552 0.695
553 0.692
554 0.702
555 0.704
556 0.706
557 0.709
558 0.711
559 0.712
560 0.71
561 0.72
562 0.719
563 0.712
564 0.725
565 0.73
566 0.727
567 0.74
568 0.732
569 0.734
570 0.744
571 0.737
572 0.743
573 0.758
574 0.756
575 0.752
576 0.756
577 0.758
578 0.755
579 0.763
580 0.757
581 0.759
582 0.763
583 0.764
584 0.768
585 0.776
586 0.772
587 0.789
588 0.793
589 0.787
590 0.782
591 0.795
592 0.795
593 0.803
594 0.795
595 0.802
596 0.798
597 0.799
598 0.801
599 0.813
600 0.807
601 0.81
602 0.817
603 0.82
604 0.823
605 0.829
606 0.826
607 0.837
608 0.832
609 0.844
610 0.844
611 0.841
612 0.847
613 0.846
614 0.853
615 0.856
616 0.857
617 0.854
618 0.859
619 0.874
620 0.867
621 0.867
622 0.878
623 0.876
624 0.877
625 0.875
626 0.887
627 0.883
628 0.898
629 0.895
630 0.888
631 0.905
632 0.907
633 0.911
634 0.916
635 0.907
636 0.917
637 0.922
638 0.93
639 0.936
640 0.922
641 0.935
642 0.936
643 0.945
644 0.944
645 0.955
646 0.957
647 0.957
648 0.964
649 0.968
650 0.965
651 0.971
652 0.983
653 0.986
654 0.979
655 0.989
656 0.991
657 0.989
658 0.995
659 0.997
660 0.996
661 1.006
662 1.009
663 1.006
664 0.999
665 1.003
666 1.02
667 1.02
668 1.034
669 1.032
670 1.037
671 1.037
672 1.04
673 1.044
674 1.047
675 1.049
676 1.053
677 1.056
678 1.066
679 1.067
680 1.071
681 1.07
682 1.076
683 1.079
684 1.087
685 1.093
686 1.09
687 1.098
688 1.101
689 1.107
690 1.101
691 1.092
692 1.112
693 1.119
694 1.119
695 1.134
696 1.14
697 1.14
698 1.146
699 1.145
700 1.141
701 1.149
702 1.161
703 1.158
704 1.154
705 1.165
706 1.195
707 1.196
708 1.191
709 1.193
710 1.196
711 1.191
712 1.22
713 1.209
714 1.217
715 1.222
716 1.219
717 1.235
718 1.224
719 1.232
720 1.24
721 1.24
722 1.236
723 1.25
724 1.25
725 1.243
726 1.256
727 1.265
728 1.263
729 1.282
730 1.283
731 1.293
732 1.291
733 1.305
734 1.301
735 1.316
736 1.323
737 1.313
738 1.318
739 1.322
740 1.327
741 1.335
742 1.345
743 1.344
744 1.36
745 1.363
746 1.363
747 1.366
748 1.365
749 1.374
750 1.367
751 1.394
752 1.385
753 1.39
754 1.404
755 1.4
756 1.405
757 1.414
758 1.41
759 1.427
760 1.424
761 1.429
762 1.444
763 1.45
764 1.452
765 1.456
766 1.45
767 1.457
768 1.466
769 1.481
770 1.484
771 1.477
772 1.472
773 1.498
774 1.49
775 1.494
776 1.509
777 1.501
778 1.493
779 1.515
780 1.528
781 1.522
782 1.517
783 1.545
784 1.537
785 1.543
786 1.554
787 1.55
788 1.549
789 1.571
790 1.576
791 1.568
792 1.575
793 1.583
794 1.594
795 1.61
796 1.618
797 1.604
798 1.61
799 1.613
800 1.604
