300 0.162
301 0.163
302 0.168
303 0.165
304 0.17
305 0.166
306 0.166
307 0.17
308 0.165
309 0.165
310 0.166
311 0.172
312 0.167
313 0.168
314 0.167
315 0.172
316 0.169
317 0.17
318 0.171
319 0.173
320 0.173
321 0.17
322 0.171
323 0.177
324 0.171
325 0.175
326 0.177
327 0.174
328 0.173
329 0.17
330 0.17
331 0.173
332 0.177
333 0.178
334 0.173
335 0.176
336 0.176
337 0.176
338 0.177
339 0.177
340 0.177
341 0.181
342 0.184
343 0.176
344 0.175
345 0.179
346 0.179
347 0.18
348 0.179
349 0.18
350 0.178
351 0.184
352 0.179
353 0.184
354 0.184
355 0.185
356 0.186
357 0.184
358 0.179
359 0.182
360 0.186
361 0.182
362 0.184
363 0.182
364 0.187
365 0.182
366 0.188
367 0.186
368 0.186
369 0.189
370 0.187
371 0.187
372 0.191
373 0.191
374 0.192
375 0.191
376 0.189
377 0.193
378 0.192
379 0.19
380 0.191
381 0.195
382 0.194
383 0.194
384 0.199
385 0.199
386 0.193
387 0.196
388 0.199
389 0.193
390 0.194
391 0.197
392 0.195
393 0.196
394 0.199
395 0.202
396 0.197
397 0.195
398 0.199
399 0.203
400 0.198
401 0.202
402 0.201
403 0.202
404 0.208
405 0.206
406 0.202
407 0.208
408 0.207
409 0.214
410 0.212
411 0.214
412 0.212
413 0.204
414 0.214
415 0.211
416 0.214
417 0.219
418 0.214
419 0.218
420 0.215
421 0.213
422 0.219
423 0.22
424 0.22
425 0.217
426 0.218
427 0.216
428 0.219
429 0.225
430 0.22
431 0.222
432 0.22
433 0.222
434 0.221
435 0.219
436 0.225
437 0.226
438 0.221
439 0.222
440 0.224
441 0.223
442 0.23
443 0.23
444 0.231
445 0.228
446 0.233
447 0.23
448 0.234
449 0.237
450 0.23
451 0.237
452 0.241
453 0.232
454 0.243
455 0.241
456 0.244
457 0.235
458 0.241
459 0.246
460 0.241
461 0.243
462 0.244
463 0.245
464 0.245
465 0.248
466 0.246
467 0.245
468 0.248
469 0.25
470 0.25
471 0.253
472 0.254
473 0.255
474 0.254
475 0.256
476 0.256
477 0.255
478 0.256
479 0.255
480 0.26
481 0.262
482 0.257
483 0.26
484 0.262
485 0.262
486 0.263
487 0.263
488 0.263
489 0.266
490 0.263
491 0.26
492 0.265
493 0.269
494 0.266
495 0.271
496 0.271
497 0.269
498 0.268
499 0.274
500 0.271
501 0.272
502 0.277
503 0.271
504 0.28
505 0.278
506 0.276
507 0.279
508 0.281
509 0.282
510 0.281
511 0.291
512 0.284
513 0.282
514 0.285
515 0.287
516 0.293
517 0.289
518 0.293
519 0.292
520 0.292
521 0.297
522 0.296
523 0.299
524 0.293
525 0.295
526 0.304
527 0.302
528 0.301
529 0.303
530 0.3
531 0.305
532 0.308
533 0.304
534 0.304
535 0.308
536 0.306
537 0.308
538 0.314
539 0.313
540 0.305
541 0.318
542 0.322
543 0.317
544 0.313
545 0.322
546 0.32
547 0.325
548 0.317
549 0.322
550 0.328
551 0.329
552 0.325
553 0.325
554 0.334
555 0.333
556 0.333
557 0.332
558 0.334
559 0.341
560 0.334
561 0.336
562 0.344
563 0.346
564 0.347
565 0.346
566 0.347
567 0.35
568 0.355
569 0.353
570 0.351
571 0.345
572 0.357
573 0.356
574 0.357
575 0.361
576 0.354
577 0.355
578 0.364
579 0.362
580 0.354
581 0.371
582 0.373
583 0.364
584 0.37
585 0.377
586 0.371
587 0.376
588 0.377
589 0.378
590 0.379
591 0.377
592 0.382
593 0.381
594 0.384
595 0.389
596 0.385
597 0.391
598 0.388
599 0.385
600 0.394
601 0.393
602 0.393
603 0.398
604 0.407
605 0.411
606 0.402
607 0.409
608 0.408
609 0.41
610 0.408
611 0.417
612 0.414
613 0.425
614 0.418
615 0.412
616 0.423
617 0.422
618 0.429
619 0.427
620 0.426
621 0.427
622 0.427
623 0.425
624 0.43
625 0.436
626 0.433
627 0.444
628 0.442
629 0.443
630 0.446
631 0.449
632 0.452
633 0.451
634 0.452
635 0.46
636 0.458
637 0.464
638 0.455
639 0.467
640 0.467
641 0.467
642 0.459
643 0.474
644 0.476
645 0.467
646 0.475
647 0.482
648 0.478
649 0.472
650 0.488
651 0.493
652 0.48
653 0.483
654 0.489
655 0.491
656 0.482
657 0.502
658 0.501
659 0.501
660 0.504
661 0.51
662 0.51
663 0.512
664 0.509
665 0.517
666 0.517
667 0.524
668 0.521
669 0.518
670 0.524
671 0.523
672 0.535
673 0.531
674 0.529
675 0.532
676 0.537
677 0.541
678 0.537
679 0.54
680 0.546
681 0.547
682 0.543
683 0.559
684 0.556
685 0.554
686 0.554
687 0.558
688 0.574
689 0.569
690 0.575
691 0.578
692 0.581
693 0.58
694 0.574
695 0.593
696 0.588
697 0.591
698 0.595
699 0.595
700 0.596
701 0.603
702 0.603
703 0.605
704 0.605
705 0.609
706 0.614
707 0.623
708 0.614
709 0.618
710 0.625
711 0.628
712 0.631
713 0.638
714 0.637
715 0.639
716 0.643
717 0.646
718 0.648
719 0.643
720 0.649
721 0.656
722 0.65
723 0.656
724 0.658
725 0.669
726 0.668
727 0.671
728 0.67
729 0.678
730 0.683
731 0.689
732 0.692
733 0.695
734 0.701
735 0.699
736 0.702
737 0.706
738 0.711
739 0.709
740 0.71
741 0.719
742 0.719
743 0.724
744 0.725
745 0.722
746 0.729
747 0.727
748 0.741
749 0.74
750 0.745
751 0.741
752 0.743
753 0.749
754 0.753
755 0.757
756 0.763
757 0.758
758 0.768
759 0.768
760 0.776
761 0.778
762 0.776
763 0.781
764 0.779
765 0.785
766 0.794
767 0.787
768 0.8
769 0.802
770 0.788
771 0.807
772 0.803
773 0.805
774 0.818
775 0.82
776 0.819
777 0.814
778 0.813
779 0.832
780 0.827
781 0.829
782 0.833
783 0.843
784 0.843
785 0.849
786 0.855
787 0.84
788 0.855
789 0.861
790 0.863
791 0.868
792 0.869
793 0.873
794 0.883
795 0.88
796 0.883
797 0.897
798 0.896
799 0.906
800 0.905
801 0.907
802 0.907
803 0.913
804 0.917
805 0.915
806 0.916
807 0.926
808 0.928
809 0.926
810 0.926
811 0.943
812 0.942
813 0.951
814 0.952
815 0.963
816 0.964
817 0.968
818 0.972
819 0.978
820 0.982
821 0.99
822 0.986
823 0.981
824 0.988
825 0.999
826 1
827 1.002
828 1.005
829 1.014
830 1.022
831 1.027
832 1.019
833 1.032
834 1.031
835 1.041
836 1.043
837 1.04
838 1.047
839 1.056
840 1.065
841 1.062
842 1.068
843 1.068
844 1.077
845 1.077
846 1.082
847 1.088
848 1.08
849 1.096
850 1.095
851 1.103
852 1.107
853 1.108
854 1.109
855 1.119
856 1.118
857 1.123
858 1.13
859 1.133
860 1.142
861 1.133
862 1.136
863 1.145
864 1.148
865 1.151
866 1.157
867 1.163
868 1.157
869 1.166
870 1.17
871 1.179
872 1.189
873 1.193
874 1.187
875 1.188
876 1.195
877 1.193
878 1.208
879 1.207
880 1.221
881 1.226
882 1.229
883 1.23
884 1.232
885 1.246
886 1.251
887 1.251
888 1.26
889 1.262
890 1.261
891 1.268
892 1.271
893 1.28
894 1.282
895 1.277
896 1.285
897 1.294
898 1.288
899 1.287
900 1.291
