1 0.144 0.428
2 0.144 0.428
3 0.148 0.436
4 0.144 0.427
5 0.145 0.428
6 0.146 0.43
7 0.146 0.433
8 0.146 0.433
9 0.147 0.431
10 0.149 0.437
11 0.149 0.432
12 0.149 0.434
13 0.147 0.436
14 0.144 0.43
15 0.145 0.432
16 0.147 0.431
17 0.145 0.435
18 0.146 0.431
19 0.153 0.445
20 0.149 0.434
21 0.148 0.43
22 0.152 0.445
23 0.149 0.436
24 0.147 0.432
25 0.156 0.448
26 0.148 0.432
27 0.149 0.434
28 0.152 0.445
29 0.149 0.435
30 0.15 0.434
31 0.15 0.434
32 0.153 0.447
33 0.151 0.442
34 0.147 0.434
35 0.155 0.448
36 0.15 0.439
37 0.152 0.449
38 0.155 0.452
39 0.149 0.437
40 0.151 0.452
41 0.15 0.436
42 0.15 0.441
43 0.153 0.45
44 0.152 0.439
45 0.155 0.451
46 0.15 0.437
47 0.152 0.445
48 0.149 0.436
49 0.148 0.436
50 0.151 0.443
51 0.149 0.442
52 0.15 0.438
53 0.144 0.434
54 0.145 0.432
55 0.146 0.433
56 0.154 0.449
57 0.153 0.445
58 0.151 0.44
59 0.153 0.454
60 0.154 0.459
61 0.156 0.449
62 0.151 0.439
63 0.154 0.444
64 0.156 0.45
65 0.153 0.445
66 0.154 0.443
67 0.15 0.436
68 0.153 0.441
69 0.154 0.446
70 0.156 0.451
71 0.158 0.454
72 0.158 0.445
73 0.158 0.452
74 0.152 0.437
75 0.161 0.457
76 0.156 0.446
77 0.157 0.449
78 0.156 0.453
79 0.158 0.457
80 0.153 0.46
81 0.16 0.457
82 0.157 0.448
83 0.158 0.457
84 0.157 0.454
85 0.163 0.458
86 0.162 0.461
87 0.16 0.457
88 0.163 0.467
89 0.159 0.458
90 0.162 0.467
91 0.161 0.465
92 0.161 0.465
93 0.161 0.473
94 0.16 0.459
95 0.162 0.459
96 0.161 0.466
97 0.161 0.458
98 0.163 0.465
99 0.165 0.466
100 0.162 0.469
101 0.164 0.468
102 0.161 0.465
103 0.164 0.469
104 0.162 0.469
105 0.163 0.478
106 0.164 0.475
107 0.165 0.473
108 0.166 0.474
109 0.164 0.473
110 0.166 0.48
111 0.167 0.479
112 0.166 0.481
113 0.168 0.484
114 0.168 0.488
115 0.165 0.481
116 0.167 0.481
117 0.167 0.481
118 0.17 0.485
119 0.169 0.483
120 0.168 0.487
121 0.17 0.488
122 0.17 0.49
123 0.17 0.49
124 0.17 0.492
125 0.175 0.499
126 0.165 0.472
127 0.167 0.477
128 0.169 0.483
129 0.167 0.476
130 0.168 0.478
131 0.17 0.489
132 0.168 0.484
133 0.169 0.482
134 0.172 0.491
135 0.17 0.487
136 0.168 0.503
137 0.17 0.49
138 0.17 0.492
139 0.169 0.513
140 0.171 0.49
141 0.171 0.494
142 0.174 0.494
143 0.17 0.492
144 0.173 0.495
145 0.178 0.507
146 0.173 0.501
147 0.176 0.505
148 0.18 0.514
149 0.181 0.513
150 0.174 0.503
151 0.176 0.507
152 0.18 0.512
153 0.18 0.516
154 0.179 0.512
155 0.18 0.518
156 0.179 0.514
157 0.179 0.518
158 0.182 0.52
159 0.181 0.526
160 0.182 0.523
161 0.18 0.518
162 0.184 0.532
163 0.184 0.533
164 0.187 0.53
165 0.181 0.529
166 0.184 0.535
167 0.186 0.524
168 0.185 0.528
169 0.184 0.534
170 0.187 0.531
171 0.187 0.54
172 0.182 0.526
173 0.19 0.539
174 0.182 0.518
175 0.184 0.515
176 0.185 0.533
177 0.185 0.519
178 0.182 0.516
179 0.192 0.537
180 0.191 0.541
181 0.19 0.543
182 0.185 0.522
183 0.19 0.542
184 0.189 0.526
185 0.185 0.527
186 0.187 0.535
187 0.187 0.523
188 0.188 0.527
189 0.185 0.526
190 0.188 0.534
191 0.193 0.547
192 0.189 0.53
193 0.187 0.535
194 0.193 0.549
195 0.189 0.547
196 0.196 0.557
197 0.197 0.561
198 0.19 0.539
199 0.195 0.559
200 0.188 0.541
201 0.197 0.56
202 0.188 0.543
203 0.19 0.538
204 0.189 0.546
205 0.192 0.549
206 0.193 0.549
207 0.199 0.575
208 0.197 0.559
209 0.204 0.58
210 0.196 0.561
211 0.197 0.558
212 0.199 0.562
213 0.203 0.58
214 0.202 0.576
215 0.204 0.578
216 0.201 0.572
217 0.205 0.59
218 0.206 0.585
219 0.199 0.573
220 0.211 0.588
221 0.208 0.591
222 0.21 0.596
223 0.212 0.597
224 0.211 0.593
225 0.21 0.597
226 0.212 0.598
227 0.213 0.609
228 0.211 0.601
229 0.214 0.608
230 0.217 0.609
231 0.214 0.607
232 0.213 0.605
233 0.213 0.608
234 0.212 0.6
235 0.218 0.612
236 0.22 0.624
237 0.22 0.623
238 0.22 0.624
239 0.218 0.626
240 0.22 0.626
241 0.221 0.621
242 0.214 0.612
243 0.219 0.629
244 0.221 0.634
245 0.218 0.619
246 0.22 0.627
247 0.221 0.631
248 0.224 0.637
249 0.221 0.633
250 0.223 0.629
251 0.222 0.636
252 0.222 0.639
253 0.228 0.646
254 0.223 0.639
255 0.225 0.642
256 0.223 0.641
257 0.227 0.646
258 0.221 0.638
259 0.223 0.642
260 0.222 0.641
261 0.223 0.64
262 0.226 0.655
263 0.226 0.645
264 0.223 0.645
265 0.226 0.646
266 0.245 0.672
