400 0.61
401 0.61
402 0.612
403 0.615
404 0.62
405 0.615
406 0.618
407 0.626
408 0.619
409 0.628
410 0.62
411 0.623
412 0.628
413 0.631
414 0.634
415 0.636
416 0.635
417 0.636
418 0.639
419 0.638
420 0.664
421 0.647
422 0.647
423 0.651
424 0.65
425 0.649
426 0.649
427 0.651
428 0.655
429 0.657
430 0.656
431 0.662
432 0.661
433 0.662
434 0.668
435 0.67
436 0.673
437 0.681
438 0.672
439 0.675
440 0.675
441 0.675
442 0.675
443 0.678
444 0.686
445 0.682
446 0.684
447 0.687
448 0.689
449 0.716
450 0.694
451 0.692
452 0.681
453 0.687
454 0.688
455 0.69
456 0.687
457 0.7
458 0.696
459 0.694
460 0.701
461 0.705
462 0.708
463 0.707
464 0.71
465 0.708
466 0.708
467 0.711
468 0.717
469 0.717
470 0.722
471 0.717
472 0.728
473 0.72
474 0.728
475 0.727
476 0.734
477 0.73
478 0.735
479 0.735
480 0.739
481 0.742
482 0.746
483 0.745
484 0.748
485 0.752
486 0.757
487 0.758
488 0.758
489 0.758
490 0.762
491 0.768
492 0.768
493 0.776
494 0.773
495 0.775
496 0.784
497 0.784
498 0.791
499 0.795
500 0.798
501 0.799
502 0.801
503 0.8
504 0.812
505 0.802
506 0.815
507 0.821
508 0.818
509 0.819
510 0.82
511 0.822
512 0.827
513 0.829
514 0.83
515 0.835
516 0.836
517 0.838
518 0.838
519 0.848
520 0.844
521 0.847
522 0.849
523 0.866
524 0.858
525 0.858
526 0.862
527 0.869
528 0.871
529 0.868
530 0.875
531 0.874
532 0.881
533 0.885
534 0.895
535 0.889
536 0.897
537 0.899
538 0.9
539 0.904
540 0.908
541 0.909
542 0.915
543 0.919
544 0.914
545 0.923
546 0.922
547 0.921
548 0.929
549 0.931
550 0.937
551 0.947
552 0.944
553 0.952
554 0.951
555 0.955
556 0.961
557 0.964
558 0.971
559 0.968
560 0.972
561 0.981
562 0.984
563 0.984
564 0.984
565 0.991
566 0.992
567 0.992
568 1
569 1.009
570 1.013
571 1.011
572 1.015
573 1.02
574 1.029
575 1.034
576 1.03
577 1.038
578 1.042
579 1.049
580 1.044
581 1.052
582 1.062
583 1.063
584 1.072
585 1.067
586 1.075
587 1.077
588 1.084
589 1.084
590 1.091
591 1.099
592 1.095
593 1.105
594 1.115
595 1.109
596 1.112
597 1.123
598 1.124
599 1.128
600 1.14
601 1.141
602 1.134
603 1.155
604 1.156
605 1.16
606 1.165
607 1.168
608 1.168
609 1.175
610 1.18
611 1.175
612 1.182
613 1.197
614 1.2
615 1.207
616 1.207
617 1.212
618 1.223
619 1.236
620 1.231
621 1.243
622 1.237
623 1.238
624 1.246
625 1.257
626 1.254
627 1.267
628 1.261
629 1.282
630 1.283
631 1.288
632 1.289
633 1.3
634 1.309
635 1.307
636 1.308
637 1.315
638 1.323
639 1.325
640 1.331
641 1.334
642 1.345
643 1.346
644 1.359
645 1.369
646 1.364
647 1.371
648 1.377
649 1.38
650 1.4
651 1.395
652 1.409
653 1.406
654 1.418
655 1.432
656 1.419
657 1.441
658 1.45
659 1.444
660 1.446
661 1.467
662 1.466
663 1.475
664 1.481
665 1.491
666 1.488
667 1.502
668 1.505
669 1.512
670 1.518
671 1.521
672 1.532
673 1.521
674 1.547
675 1.554
676 1.559
677 1.559
678 1.566
679 1.574
680 1.565
681 1.579
682 1.583
683 1.599
684 1.592
685 1.607
686 1.63
687 1.619
688 1.622
689 1.645
690 1.646
691 1.653
692 1.652
693 1.659
694 1.667
695 1.678
696 1.678
697 1.679
698 1.685
699 1.695
700 1.694
