300 0.171
301 0.17
302 0.175
303 0.169
304 0.167
305 0.168
306 0.168
307 0.174
308 0.181
309 0.172
310 0.171
311 0.173
312 0.172
313 0.173
314 0.177
315 0.175
316 0.172
317 0.174
318 0.175
319 0.169
320 0.185
321 0.184
322 0.181
323 0.179
324 0.181
325 0.181
326 0.189
327 0.182
328 0.184
329 0.186
330 0.181
331 0.184
332 0.186
333 0.188
334 0.184
335 0.181
336 0.182
337 0.177
338 0.176
339 0.182
340 0.185
341 0.182
342 0.179
343 0.179
344 0.18
345 0.18
346 0.188
347 0.189
348 0.186
349 0.188
350 0.189
351 0.185
352 0.187
353 0.188
354 0.193
355 0.188
356 0.191
357 0.187
358 0.189
359 0.19
360 0.208
361 0.21
362 0.205
363 0.203
364 0.197
365 0.204
366 0.195
367 0.187
368 0.186
369 0.189
370 0.189
371 0.184
372 0.188
373 0.207
374 0.209
375 0.211
376 0.199
377 0.2
378 0.206
379 0.214
380 0.205
381 0.21
382 0.211
383 0.21
384 0.207
385 0.214
386 0.21
387 0.211
388 0.214
389 0.214
390 0.213
391 0.214
392 0.211
393 0.212
394 0.213
395 0.216
396 0.215
397 0.215
398 0.213
399 0.212
400 0.216
401 0.214
402 0.215
403 0.212
404 0.214
405 0.209
406 0.217
407 0.217
408 0.214
409 0.216
410 0.213
411 0.215
412 0.217
413 0.222
414 0.228
415 0.226
416 0.225
417 0.233
418 0.229
419 0.228
420 0.229
421 0.239
422 0.24
423 0.234
424 0.241
425 0.225
426 0.221
427 0.23
428 0.229
429 0.235
430 0.239
431 0.245
432 0.242
433 0.235
434 0.24
435 0.244
436 0.241
437 0.248
438 0.244
439 0.243
440 0.246
441 0.253
442 0.255
443 0.254
444 0.253
445 0.251
446 0.253
447 0.253
448 0.255
449 0.249
450 0.251
451 0.249
452 0.252
453 0.26
454 0.251
455 0.262
456 0.241
457 0.252
458 0.251
459 0.252
460 0.259
461 0.259
462 0.265
463 0.264
464 0.269
465 0.258
466 0.263
467 0.261
468 0.263
469 0.26
470 0.263
471 0.268
472 0.257
473 0.262
474 0.26
475 0.264
476 0.257
477 0.251
478 0.258
479 0.26
480 0.261
481 0.26
482 0.261
483 0.261
484 0.255
485 0.266
486 0.275
487 0.275
488 0.278
489 0.277
490 0.278
491 0.282
492 0.283
493 0.285
494 0.294
495 0.295
496 0.303
497 0.301
498 0.305
499 0.308
500 0.309
501 0.324
502 0.323
503 0.326
504 0.329
505 0.324
506 0.332
507 0.33
508 0.332
509 0.331
510 0.334
511 0.332
512 0.337
513 0.34
514 0.337
515 0.34
516 0.336
517 0.338
518 0.342
519 0.348
520 0.349
521 0.349
522 0.334
523 0.35
524 0.353
525 0.354
526 0.356
527 0.354
528 0.353
529 0.346
530 0.357
531 0.359
532 0.361
533 0.361
534 0.359
535 0.367
536 0.372
537 0.376
538 0.377
539 0.379
540 0.377
541 0.38
542 0.38
543 0.386
544 0.385
545 0.389
546 0.385
547 0.39
548 0.39
549 0.392
550 0.401
551 0.398
552 0.407
553 0.407
554 0.405
555 0.404
556 0.406
557 0.41
558 0.413
559 0.411
560 0.412
561 0.417
562 0.411
563 0.416
564 0.405
565 0.411
566 0.421
567 0.415
568 0.426
569 0.425
570 0.43
571 0.43
572 0.43
573 0.431
574 0.434
575 0.442
576 0.436
577 0.447
578 0.442
579 0.445
580 0.446
581 0.449
582 0.455
583 0.453
584 0.463
585 0.456
586 0.463
587 0.466
588 0.465
589 0.466
590 0.47
591 0.471
592 0.471
593 0.472
594 0.486
595 0.48
596 0.482
597 0.487
598 0.497
599 0.495
600 0.492
601 0.489
602 0.5
603 0.504
604 0.504
605 0.501
606 0.508
607 0.505
608 0.504
609 0.47
610 0.481
611 0.469
612 0.469
613 0.473
614 0.476
615 0.489
616 0.46
617 0.447
618 0.5
619 0.514
620 0.511
621 0.513
622 0.498
623 0.497
624 0.515
625 0.508
626 0.495
627 0.517
628 0.513
629 0.516
630 0.52
631 0.527
632 0.528
633 0.553
634 0.548
635 0.564
636 0.554
637 0.553
638 0.571
639 0.569
640 0.578
641 0.582
642 0.566
643 0.585
644 0.581
645 0.589
646 0.587
647 0.594
648 0.595
649 0.599
650 0.598
651 0.608
652 0.607
653 0.62
654 0.627
655 0.625
656 0.62
657 0.63
658 0.633
659 0.632
660 0.641
661 0.638
662 0.651
663 0.656
664 0.656
665 0.657
666 0.659
667 0.671
668 0.664
669 0.669
670 0.675
671 0.682
672 0.691
673 0.679
674 0.683
675 0.69
676 0.681
677 0.689
678 0.697
679 0.682
680 0.678
681 0.686
682 0.647
683 0.652
684 0.671
685 0.652
686 0.669
687 0.728
688 0.706
689 0.701
690 0.768
691 0.804
692 0.732
693 0.753
694 0.755
695 0.758
696 0.756
697 0.764
698 0.748
699 0.836
700 0.782
701 0.802
702 0.757
703 0.776
704 0.783
705 0.78
706 0.78
707 0.793
708 0.803
709 0.792
710 0.766
711 0.822
712 0.831
713 0.828
714 0.837
715 0.84
716 0.819
717 0.859
718 0.875
719 0.85
720 0.933
721 0.907
722 0.863
723 0.879
724 0.873
725 0.892
726 0.889
727 0.893
728 0.87
729 0.892
730 0.864
731 0.909
732 0.927
733 0.931
734 0.936
735 0.922
736 0.929
737 0.938
738 0.909
739 0.919
740 0.91
741 0.94
742 0.933
743 0.949
744 0.975
745 0.996
746 1.011
747 1.012
748 1.019
749 1.031
750 1.027
751 1.031
752 0.994
753 0.96
754 0.928
755 0.967
756 0.968
757 0.985
758 0.943
759 0.958
760 0.954
761 0.947
762 0.948
763 0.919
764 0.909
765 0.903
766 0.881
767 1.015
768 1.003
769 1.012
770 1.017
771 0.99
772 1.113
773 1.193
774 1.161
775 1.207
776 1.17
777 1.114
778 1.162
779 1.085
780 1.163
781 1.122
782 1.122
783 1.146
784 1.043
785 1.01
786 1.172
787 1.174
788 1.237
789 1.245
790 1.255
791 1.276
792 1.251
793 1.21
794 1.174
795 1.2
796 1.203
797 1.205
798 1.164
799 1.224
800 1.208
801 1.238
802 1.241
803 1.253
804 1.184
805 1.204
806 1.272
807 1.255
808 1.22
809 1.194
810 1.247
811 1.386
812 1.276
813 1.289
814 1.28
815 1.212
816 1.225
817 1.28
818 1.245
819 1.227
820 1.195
821 1.225
822 1.242
823 1.238
824 1.251
825 1.288
826 1.286
827 1.243
828 1.232
829 1.285
830 1.352
831 1.507
832 1.335
833 1.476
834 1.39
835 1.44
836 1.346
837 1.49
838 1.358
839 1.522
840 1.355
841 1.448
842 1.434
843 1.476
844 1.449
845 1.5
846 1.477
847 1.47
848 1.467
849 1.49
850 1.439
851 1.556
852 1.551
853 1.443
854 1.449
855 1.497
856 1.406
857 1.429
858 1.521
859 1.471
860 1.458
861 1.449
862 1.408
863 1.472
864 1.481
865 1.348
866 1.448
867 1.502
868 1.491
869 1.558
870 1.571
871 1.502
872 1.623
873 1.633
874 1.602
875 1.607
876 1.606
877 1.612
878 1.616
879 1.606
880 1.576
881 1.542
882 1.564
883 1.564
884 1.575
885 1.531
886 1.553
887 1.576
888 1.556
889 1.521
890 1.449
891 1.669
892 1.635
893 1.604
894 1.612
895 1.648
896 1.665
897 1.66
898 1.66
899 1.645
900 1.668
