1 0.138 0.337
2 0.141 0.338
3 0.145 0.337
4 0.146 0.336
5 0.144 0.335
6 0.144 0.335
7 0.144 0.339
8 0.143 0.339
9 0.143 0.338
10 0.131 0.337
11 0.145 0.338
12 0.134 0.339
13 0.129 0.337
14 0.143 0.339
15 0.145 0.339
16 0.145 0.338
17 0.125 0.339
18 0.144 0.341
19 0.142 0.339
20 0.137 0.338
21 0.129 0.338
22 0.124 0.338
23 0.146 0.339
24 0.146 0.339
25 0.146 0.339
26 0.148 0.339
27 0.146 0.339
28 0.146 0.339
29 0.145 0.339
30 0.147 0.34
31 0.149 0.341
32 0.123 0.339
33 0.131 0.339
34 0.128 0.34
35 0.124 0.34
36 0.133 0.341
37 0.121 0.342
38 0.127 0.34
39 0.124 0.343
40 0.137 0.342
41 0.14 0.343
42 0.136 0.341
43 0.135 0.34
44 0.143 0.342
45 0.146 0.341
46 0.147 0.341
47 0.147 0.344
48 0.151 0.342
49 0.15 0.341
50 0.148 0.344
51 0.148 0.345
52 0.15 0.342
53 0.15 0.344
54 0.148 0.345
55 0.146 0.343
56 0.151 0.342
57 0.149 0.343
58 0.149 0.344
59 0.146 0.345
60 0.15 0.345
61 0.148 0.346
62 0.152 0.345
63 0.15 0.348
64 0.153 0.347
65 0.151 0.346
66 0.154 0.348
67 0.151 0.348
68 0.151 0.346
69 0.15 0.349
70 0.153 0.349
71 0.15 0.349
72 0.149 0.349
73 0.149 0.347
74 0.149 0.349
75 0.153 0.351
76 0.151 0.35
77 0.152 0.349
78 0.152 0.352
79 0.155 0.351
80 0.151 0.35
81 0.153 0.351
82 0.154 0.354
83 0.151 0.35
84 0.155 0.354
85 0.156 0.35
86 0.152 0.349
87 0.154 0.352
88 0.153 0.353
89 0.153 0.357
90 0.149 0.353
91 0.153 0.356
92 0.149 0.356
93 0.148 0.353
94 0.152 0.351
95 0.151 0.353
96 0.152 0.347
97 0.148 0.354
98 0.149 0.346
99 0.148 0.352
100 0.151 0.356
101 0.15 0.354
102 0.151 0.352
103 0.151 0.355
104 0.153 0.356
105 0.153 0.355
106 0.151 0.356
107 0.153 0.36
108 0.153 0.357
109 0.152 0.355
110 0.152 0.354
111 0.151 0.357
112 0.149 0.357
113 0.153 0.357
114 0.15 0.358
115 0.153 0.359
116 0.152 0.356
117 0.152 0.358
118 0.153 0.356
119 0.151 0.36
120 0.152 0.362
121 0.151 0.359
122 0.154 0.358
123 0.152 0.359
124 0.152 0.357
125 0.152 0.363
126 0.154 0.363
127 0.155 0.363
128 0.154 0.36
129 0.153 0.363
130 0.155 0.365
131 0.154 0.362
132 0.154 0.364
133 0.156 0.364
134 0.155 0.366
135 0.155 0.364
136 0.153 0.365
137 0.156 0.365
138 0.154 0.365
139 0.156 0.367
140 0.153 0.365
141 0.156 0.368
142 0.154 0.36
143 0.16 0.366
144 0.151 0.365
145 0.144 0.361
146 0.152 0.362
147 0.15 0.367
148 0.158 0.367
149 0.157 0.366
150 0.156 0.372
151 0.156 0.366
152 0.155 0.367
153 0.158 0.367
154 0.154 0.371
155 0.162 0.367
156 0.157 0.374
157 0.158 0.368
158 0.16 0.373
159 0.158 0.371
160 0.16 0.366
161 0.159 0.373
162 0.159 0.37
163 0.157 0.37
164 0.16 0.371
165 0.159 0.371
166 0.159 0.373
167 0.162 0.368
168 0.16 0.374
169 0.16 0.375
170 0.16 0.377
171 0.16 0.377
172 0.165 0.369
173 0.162 0.37
174 0.165 0.374
175 0.164 0.373
176 0.165 0.373
177 0.167 0.371
178 0.166 0.373
179 0.17 0.374
180 0.166 0.376
181 0.164 0.373
182 0.162 0.376
183 0.149 0.381
184 0.169 0.375
185 0.166 0.377
186 0.169 0.382
187 0.158 0.385
188 0.166 0.385
189 0.162 0.382
190 0.168 0.389
191 0.168 0.38
192 0.168 0.384
193 0.172 0.389
194 0.167 0.387
195 0.171 0.39
196 0.17 0.39
197 0.152 0.39
198 0.162 0.391
199 0.16 0.391
200 0.167 0.388
201 0.165 0.385
202 0.17 0.386
203 0.171 0.384
204 0.167 0.388
205 0.169 0.388
206 0.166 0.387
207 0.167 0.387
208 0.17 0.391
209 0.169 0.389
210 0.169 0.387
211 0.165 0.388
212 0.165 0.388
213 0.166 0.392
214 0.164 0.39
215 0.169 0.391
216 0.167 0.394
217 0.17 0.389
218 0.171 0.392
219 0.171 0.391
220 0.167 0.388
221 0.163 0.391
222 0.17 0.386
223 0.171 0.381
224 0.167 0.379
225 0.171 0.381
226 0.172 0.381
227 0.17 0.377
228 0.171 0.378
229 0.171 0.381
230 0.171 0.392
231 0.171 0.389
232 0.17 0.393
233 0.173 0.388
234 0.173 0.393
235 0.176 0.395
236 0.172 0.396
237 0.176 0.394
238 0.175 0.393
239 0.175 0.395
240 0.178 0.4
241 0.175 0.396
242 0.172 0.398
243 0.177 0.401
244 0.177 0.401
245 0.175 0.403
246 0.179 0.399
247 0.177 0.405
248 0.176 0.398
249 0.178 0.404
250 0.174 0.405
251 0.18 0.402
252 0.18 0.404
253 0.178 0.413
254 0.181 0.405
255 0.178 0.406
256 0.174 0.408
257 0.174 0.405
258 0.18 0.406
259 0.186 0.405
260 0.186 0.415
261 0.18 0.415
262 0.177 0.417
263 0.176 0.422
264 0.178 0.429
265 0.18 0.422
266 0.186 0.428
267 0.18 0.424
268 0.184 0.424
269 0.184 0.425
270 0.181 0.432
271 0.182 0.428
272 0.186 0.433
273 0.185 0.431
274 0.181 0.432
275 0.186 0.432
276 0.184 0.435
277 0.185 0.436
278 0.182 0.436
279 0.187 0.436
280 0.186 0.438
281 0.185 0.436
282 0.185 0.439
283 0.184 0.44
284 0.189 0.444
285 0.191 0.447
286 0.187 0.446
287 0.186 0.445
