1 0.119013703757616 0.169748575675006 0.153835054871373 0.0889824073716588
2 0.123172659028052 0.173773841961853 0.152561937175885 0.0884676267325586
3 0.121093181392834 0.175322021302948 0.155744731414604 0.0933580428040101
4 0.124732267254466 0.178728015853356 0.152986309741048 0.0925858718453599
5 0.12525213666327 0.181205102799108 0.160625015913971 0.0900119686498591
6 0.124732267254466 0.179656923458013 0.159776270783646 0.0936154331235602
7 0.12525213666327 0.178418379985137 0.158927525653322 0.0925858718453599
8 0.126291875480879 0.179656923458013 0.155532545132022 0.0969615072777113
9 0.127851483707293 0.182134010403765 0.159988457066228 0.095931945999511
10 0.128371353116097 0.188017091899926 0.159564084501065 0.0977336782363615
11 0.127851483707293 0.18677854842705 0.162959065022364 0.0949023847213106
12 0.13097070016012 0.186468912558831 0.162746878739783 0.0967041169581612
13 0.127851483707293 0.185849640822393 0.164656555283014 0.0979910685559116
14 0.13097070016012 0.188017091899926 0.165929672978501 0.0964467266386111
15 0.128891222524902 0.186468912558831 0.16741497695657 0.0969615072777113
16 0.131490569568924 0.188945999504583 0.168900280934638 0.0985058491950118
17 0.128371353116097 0.191732722318553 0.165293114130758 0.0977336782363615
18 0.127851483707293 0.190494178845678 0.170809957477869 0.095931945999511
19 0.130450830751315 0.190803814713896 0.168263722086895 0.0972188975972614
20 0.127851483707293 0.188017091899926 0.168900280934638 0.0967041169581612
21 0.128891222524902 0.189255635372802 0.168900280934638 0.0969615072777113
22 0.131490569568924 0.193280901659648 0.1727196340211 0.0990206298341119
23 0.13097070016012 0.194209809264305 0.173992751716587 0.0990206298341119
24 0.128891222524902 0.1957579886054 0.174629310564331 0.0977336782363615
25 0.131490569568924 0.191113450582115 0.17102214376045 0.0990206298341119
26 0.132010438977729 0.195138716868962 0.179297408781117 0.100050191112312
27 0.135129655430556 0.196067624473619 0.178236477368211 0.0997928007927622
28 0.129930961342511 0.196686896210057 0.17632680082498 0.0985058491950118
29 0.13097070016012 0.200712162496904 0.178236477368211 0.0985058491950118
30 0.13097070016012 0.196686896210057 0.177599918520468 0.0977336782363615
31 0.132530308386533 0.19885434728759 0.179297408781117 0.100822362070963
32 0.132010438977729 0.201331434233342 0.175690241977237 0.0995354104732121
33 0.131490569568924 0.205356700520188 0.17972178134628 0.0982484588754617
34 0.132530308386533 0.202260341837999 0.177812104803049 0.0987632395145619
35 0.13097070016012 0.200402526628685 0.177387732237886 0.0977336782363615
36 0.130450830751315 0.191732722318553 0.174204937999168 0.0946449944017606
37 0.133570047204142 0.196686896210057 0.177812104803049 0.0979910685559116
38 0.13097070016012 0.202569977706217 0.180146153911442 0.0974762879168115
39 0.13097070016012 0.195448352737181 0.172507447738519 0.0972188975972614
40 0.12057331198403 0.1957579886054 0.174841496846912 0.0938728234431103
41 0.13097070016012 0.0493002229378251 0.178660849933374 0.0956745556799609
42 0.130450830751315 0.050229130542482 0.18163145788951 0.0954171653604108
43 0.129930961342511 0.050538766410701 0.179297408781117 0.0951597750408607
44 0.139808480109796 0.0548736685657667 0.191392026888246 0.100822362070963
45 0.139288610700992 0.0545640326975477 0.188209232649528 0.101594533029613
46 0.135129655430556 0.0554929403022046 0.0596243454053182 0.100822362070963
47 0.135129655430556 0.0527062174882338 0.0570781100143438 0.0972188975972614
48 0.133050177795338 0.0533254892246718 0.0596243454053182 0.100050191112312
49 0.136169394248165 0.0554929403022046 0.0615340219485491 0.100564971751412
50 0.136169394248165 0.0582796631161754 0.0628071396440363 0.102624094307813
51 0.138248871883383 0.0533254892246718 0.0621705807962927 0.0987632395145619
52 0.137729002474578 0.0567314837750805 0.0632315122091987 0.102366703988263
53 0.13564952483936 0.0542543968293287 0.0602609042530618 0.0990206298341119
54 0.139808480109796 0.0558025761704236 0.0642924436221047 0.0997928007927622
55 0.139808480109796 0.0570411196432995 0.0638680710569423 0.101337142710063
56 0.152285345921105 0.0604471141937082 0.0647168161872671 0.101594533029613
57 0.145527043606646 0.0582796631161754 0.0668386790130792 0.102624094307813
58 0.14708665183306 0.0601374783254892 0.0655655613175919 0.107257120059715
59 0.144487304789037 0.0635434728758979 0.066626492730498 0.102109313668713
60 0.145007174197842 0.0607567500619272 0.0655655613175919 0.104683216864214
61 0.143967435380232 0.0595182065890513 0.0662021201653356 0.103911045905563
62 0.148646260059473 0.0647820163487738 0.069809286969216 0.106999729740164
63 0.150725737694691 0.0644723804805549 0.069809286969216 0.106227558781514
64 0.153844954147518 0.0641627446123359 0.0678996104259852 0.108029291018365
65 0.152285345921105 0.0663301956898687 0.069809286969216 0.107771900698815
66 0.156444301191541 0.062614565271241 0.0702336595343784 0.108286681337915
67 0.146046913015451 0.0672591032945256 0.0717189635124469 0.106999729740164
68 0.158523778826759 0.0669494674263067 0.0715067772298656 0.110088413574765
69 0.149685998877082 0.0678783750309636 0.070870218382122 0.108286681337915
70 0.1517654765123 0.0666398315580877 0.0712945909472845 0.109058852296565
71 0.152805215329909 0.0672591032945256 0.0710824046647032 0.109058852296565
72 0.152805215329909 0.0691169185038395 0.0729920812079341 0.111632755492066
73 0.155404562373932 0.0678783750309636 0.0727798949253529 0.110088413574765
74 0.15748404000915 0.0688072826356205 0.0725677086427717 0.111375365172516
75 0.158003909417954 0.0681880108991826 0.0742651989034213 0.112147536131166
76 0.156964170600345 0.0703554619767154 0.0740530126208401 0.113177097409366
77 0.15748404000915 0.0694265543720585 0.0740530126208401 0.110860584533416
78 0.163202603505999 0.0728325489224672 0.0744773851860025 0.112662316770266
79 0.161123125870781 0.0740710923953431 0.0740530126208401 0.113949268368017
80 0.159563517644368 0.0725229130542482 0.0744773851860025 0.115751000604867
81 0.160083387053172 0.0725229130542482 0.0744773851860025 0.115236219965767
82 0.163202603505999 0.0743807282635621 0.0782967382724642 0.116523171563518
83 0.165801950550022 0.0743807282635621 0.079145483402789 0.117552732841718
84 0.163202603505999 0.075309635868219 0.0785089245550454 0.114206658687567
85 0.163722472914804 0.075619271736438 0.0778723657073018 0.117552732841718
86 0.166841689367631 0.0762385434728759 0.080206414815695 0.118839684439468
87 0.163202603505999 0.0740710923953431 0.0774479931421394 0.114978829646217
88 0.163722472914804 0.0774770869457518 0.0806307873808574 0.118582294119918
89 0.162682734097195 0.0774770869457518 0.080206414815695 0.118839684439468
90 0.169441036411653 0.0765481793410949 0.0797820422505326 0.117810123161268
91 0.173080122273285 0.0780963586821898 0.0810551599460198 0.118582294119918
92 0.167361558776435 0.0780963586821898 0.079145483402789 0.119097074759018
93 0.174119861090894 0.0805734456279416 0.0827526502066695 0.121156197315419
94 0.175679469317308 0.0774770869457518 0.082328277641507 0.120126636037219
95 0.17827881636133 0.0777867228139708 0.0816917187937634 0.122443148913169
96 0.173080122273285 0.0802638097597226 0.0838135816195755 0.121413587634969
97 0.176719208134917 0.0811927173643795 0.0842379541847379 0.122185758593619
98 0.179318555178939 0.0790252662868467 0.0838135816195755 0.120126636037219
99 0.179318555178939 0.0833601684419123 0.0891182386841056 0.12398749083047
100 0.17827881636133 0.0811927173643795 0.0878451209886183 0.122443148913169
101 0.178798685770135 0.0845987119147882 0.0882694935537807 0.127076174665071
102 0.187636465719811 0.0852179836512261 0.0861476307279687 0.126046613386871
103 0.183477510449375 0.0833601684419123 0.0882694935537807 0.12424488115002
104 0.179318555178939 0.0880047064651969 0.0852988855976439 0.127848345623721
105 0.181917902222962 0.086766162992321 0.0874207484234559 0.126304003706421
106 0.18867620453742 0.0889336140698538 0.0886938661189431 0.128877906901921
107 0.103937490902285 0.0880047064651969 0.0903913563795928 0.128877906901921
108 0.102897752084676 0.0883143423334159 0.092725405487986 0.127076174665071
109 0.103937490902285 0.0901721575427297 0.0942107094660544 0.130937029458322
110 0.0987387968142403 0.0901721575427297 0.0925132192054048 0.130422248819222
111 0.102377882675872 0.0892432499380728 0.0929375917705672 0.130937029458322
112 0.100298405040654 0.0911010651473867 0.0954838271615417 0.130164858499672
113 0.10445736031109 0.0914107010156056 0.0988788076828409 0.128877906901921
114 0.103417621493481 0.0917203368838246 0.0971813174221913 0.133768322973373
115 0.10445736031109 0.0914107010156056 0.0963325722918665 0.131966590736522
116 0.0997785356318493 0.098841961852861 0.0982422488350973 0.134540493932023
117 0.103937490902285 0.0920299727520436 0.0956960134441229 0.131966590736522
118 0.104977229719894 0.0969841466435472 0.0963325722918665 0.135570055210224
119 0.107056707355112 0.0976034183799851 0.100364111660909 0.138916129364375
120 0.10445736031109 0.0957456031706713 0.0995153665305845 0.135570055210224
121 0.107056707355112 0.0951263314342333 0.100151925378328 0.133768322973373
122 0.10445736031109 0.098841961852861 0.100364111660909 0.135570055210224
123 0.107056707355112 0.0985323259846421 0.101849415638978 0.139430910003475
124 0.109656054399135 0.101628684666832 0.10227378820414 0.140717861601225
125 0.109656054399135 0.104725043349022 0.105456582442858 0.143806545435826
126 0.109656054399135 0.103486499876146 0.104820023595115 0.143549155116276
127 0.108096446172721 0.10224795640327 0.104820023595115 0.139688300323025
128 0.114334879078376 0.106892494426554 0.107154072703508 0.142776984157626
129 0.109656054399135 0.106582858558335 0.108427190398995 0.143291764796726
130 0.111215662625548 0.109988853108744 0.109063749246739 0.146637838950877
131 0.113815009669571 0.109988853108744 0.109488121811901 0.143549155116276
132 0.116414356713594 0.107821402031211 0.108851562964158 0.147410009909527
133 0.111735532034353 0.109679217240525 0.109488121811901 0.149211742146378
134 0.114334879078376 0.113085211790934 0.115217151441594 0.148182180868178
135 0.121613050801639 0.111537032449839 0.113519661180944 0.149211742146378
136 0.115894487304789 0.111537032449839 0.113307474898363 0.151528255022329
137 0.119533573166421 0.110917760713401 0.113944033746106 0.149983913105028
138 0.118493834348812 0.117420113946 0.115217151441594 0.151528255022329
139 0.115374617895985 0.118039385682437 0.116490269137081 0.15564650013513
140 0.120053442575225 0.116491206341343 0.115429337724175 0.15693345173288
141 0.116414356713594 0.117729749814218 0.117975573115149 0.158477793650181
142 0.121613050801639 0.119897200891751 0.118612131962893 0.157963013011081
143 0.124212397845661 0.117729749814218 0.120097435940961 0.160279525887031
144 0.123172659028052 0.120826108496408 0.120946181071286 0.161566477484782
145 0.119533573166421 0.122064651969284 0.121158367353867 0.162081258123882
146 0.123172659028052 0.122683923705722 0.120733994788705 0.159249964608831
147 0.121093181392834 0.124851374783255 0.121794926201611 0.161566477484782
148 0.125772006072075 0.119897200891751 0.12158273991903 0.159764745247931
149 0.127331614298488 0.12330319544216 0.123704602744842 0.163368209721632
150 0.129930961342511 0.124541738915036 0.122219298766773 0.167229064514884
151 0.125772006072075 0.124232103046817 0.124128975310004 0.163625600041182
152 0.127851483707293 0.125161010651474 0.127523955831303 0.168001235473534
153 0.127331614298488 0.123612831310379 0.12688739698356 0.168258625793084
154 0.13097070016012 0.127018825860788 0.124553347875167 0.169802967710384
155 0.132010438977729 0.131972999752291 0.127311769548722 0.166714283875783
156 0.134089916612947 0.131353728015853 0.131555495200346 0.168516016112634
157 0.128891222524902 0.136617537775576 0.131555495200346 0.172119480586335
158 0.13097070016012 0.132592271488729 0.131979867765509 0.173921212823186
159 0.132010438977729 0.133211543225167 0.130918936352603 0.176752506338237
160 0.132010438977729 0.134759722566262 0.133677358026158 0.177009896657787
161 0.136689263656969 0.133830814961605 0.132404240330671 0.177267286977337
162 0.133050177795338 0.139713896457766 0.134950475721646 0.177782067616437
163 0.140848218927405 0.137856081248452 0.132828612895834 0.180098580492388
164 0.136689263656969 0.137236809512014 0.13388954430874 0.176752506338237
165 0.142407827153819 0.138784988853109 0.137708897395201 0.178039457935987
166 0.136169394248165 0.139094624721328 0.142376995611988 0.18884985135709
167 0.136689263656969 0.143119891008174 0.138345456242945 0.183959435285639
168 0.139288610700992 0.140642804062423 0.136435779699714 0.181385532090138
169 0.137729002474578 0.142500619271736 0.13919420137327 0.182672483687889
170 0.14136808833621 0.14745479316324 0.142589181894569 0.191423754552591
171 0.143967435380232 0.140952439930642 0.140679505351338 0.183187264326989
172 0.146566782424255 0.145596977953926 0.141740436764244 0.18730550943979
173 0.145007174197842 0.148074064899678 0.148742584089424 0.190651583593941
174 0.147606521241864 0.148074064899678 0.144923231002962 0.18782029007889
175 0.146046913015451 0.149312608372554 0.145559789850706 0.18833507071799
176 0.148126390650669 0.153957146395839 0.149591329219749 0.195027219026292
177 0.147606521241864 0.15643423334159 0.148530397806843 0.190651583593941
178 0.154364823556323 0.154576418132276 0.152349750893304 0.196828951263143
179 0.148646260059473 0.156124597473371 0.151288819480398 0.196828951263143
180 0.149685998877082 0.155505325736933 0.154471613719116 0.198888073819544
181 0.155924431782736 0.157363140946247 0.16041282963139 0.201719367334595
182 0.153325084738714 0.158292048550904 0.156593476544928 0.200432415736844
183 0.156444301191541 0.159220956155561 0.157442221675253 0.199917635097744
184 0.155404562373932 0.164175130047065 0.155744731414604 0.203006318932345
185 0.153844954147518 0.165104037651722 0.157866594240416 0.210213247879747
186 0.15748404000915 0.162007678969532 0.162322506174621 0.206867173725596
187 0.156964170600345 0.167890760465692 0.157654407957834 0.202491538293245
188 0.156964170600345 0.169438939806787 0.161261574761715 0.209183686601547
189 0.159043648235563 0.172535298488977 0.164868741565595 0.207639344684246
190 0.158003909417954 0.172844934357196 0.165929672978501 0.211500199477498
191 0.164762211732413 0.169748575675006 0.165505300413339 0.211500199477498
192 0.163722472914804 0.175322021302948 0.163171251304946 0.215103663951199
193 0.164242342323608 0.174083477830072 0.166778418108826 0.214331492992549
194 0.162682734097195 0.176870200644043 0.172083075173356 0.21947929938355
195 0.17256025286448 0.177489472380481 0.173144006586262 0.21793495746625
196 0.163202603505999 0.179966559326232 0.171446516325613 0.232348815361054
197 0.176199338726112 0.176560564775824 0.173568379151425 0.0755981107550545
198 0.177758946952526 0.179966559326232 0.177812104803049 0.0792015752287557
199 0.17359999168209 0.183991825613079 0.177812104803049 0.0786867945896555
200 0.174119861090894 0.182443646271984 0.173144006586262 0.0768850623528049
201 0.17827881636133 0.185540004954174 0.175478055694655 0.0776572333114552
202 0.176719208134917 0.189565271241021 0.183116761867579 0.0784294042701054
203 0.178798685770135 0.181514738667327 0.178660849933374 0.0781720139505553
204 0.177758946952526 0.191113450582115 0.178873036215955 0.0820328687438066
205 0.17827881636133 0.188326727768145 0.185450810975972 0.0797163558678558
206 0.18399737985818 0.190184542977459 0.182055830454673 0.0825476493829067
207 0.178798685770135 0.196996532078276 0.0623827670788739 0.0835772106611071
208 0.179318555178939 0.190494178845678 0.0649290024698483 0.0815180881047064
209 0.103937490902285 0.198544711419371 0.0651411887524295 0.0846067719393074
210 0.100818274449458 0.194829081000743 0.0670508652956604 0.0828050397024568
211 0.102897752084676 0.204118157047312 0.069809286969216 0.0846067719393074
212 0.10445736031109 0.198544711419371 0.0681117967085664 0.0861511138566079
213 0.104977229719894 0.200712162496904 0.0657777476001731 0.0856363332175077
214 0.106536837946308 0.203808521179093 0.0712945909472845 0.0851215525784075
215 0.109656054399135 0.0793349021550657 0.06874835555631 0.0869232848152581
216 0.105497099128699 0.0830505325736933 0.0691727281214724 0.0858937235370578
217 0.106536837946308 0.0793349021550657 0.0685361692737288 0.0858937235370578
218 0.108616315581526 0.0811927173643795 0.0691727281214724 0.0858937235370578
219 0.108616315581526 0.0876950705969779 0.0721433360776093 0.0869232848152581
220 0.10913618499033 0.0845987119147882 0.070870218382122 0.086665894495708
221 0.107576576763917 0.0880047064651969 0.0715067772298656 0.0887250170521087
222 0.112775270851962 0.0895528858062918 0.0729920812079341 0.0884676267325586
223 0.114334879078376 0.0901721575427297 0.0744773851860025 0.0889824073716588
224 0.110175923807939 0.0898625216745108 0.0727798949253529 0.0894971880107589
225 0.113295140260766 0.0886239782016349 0.0746895714685837 0.0900119686498591
226 0.116414356713594 0.0892432499380728 0.0744773851860025 0.0900119686498591
227 0.115894487304789 0.0923396086202626 0.0765992480118145 0.0933580428040101
228 0.115374617895985 0.0929588803567005 0.0763870617292333 0.0912989202476095
229 0.114334879078376 0.0917203368838246 0.0761748754466521 0.0925858718453599
230 0.118493834348812 0.0935781520931385 0.0772358068595582 0.0931006524844601
231 0.117973964940007 0.0954359673024523 0.0782967382724642 0.0923284815258098
232 0.119533573166421 0.0907914292791677 0.0761748754466521 0.0941302137626604
233 0.116414356713594 0.0935781520931385 0.077023620576977 0.0923284815258098
234 0.119013703757616 0.0976034183799851 0.080206414815695 0.0956745556799609
235 0.120053442575225 0.099770869457518 0.0808429736634386 0.095931945999511
236 0.121093181392834 0.0941974238295764 0.0795698559679514 0.0951597750408607
237 0.12057331198403 0.0969841466435472 0.078084551989883 0.095931945999511
238 0.123172659028052 0.099461233589299 0.0816917187937634 0.0949023847213106
239 0.12525213666327 0.099770869457518 0.0821160913589258 0.0954171653604108
240 0.126291875480879 0.102557592271489 0.0850866993150627 0.0964467266386111
241 0.13097070016012 0.102867228139708 0.0852988855976439 0.101337142710063
242 0.125772006072075 0.101009412930394 0.0836013953369943 0.0987632395145619
243 0.125772006072075 0.102867228139708 0.0831770227718319 0.0972188975972614
244 0.130450830751315 0.102557592271489 0.0833892090544131 0.099278020153662
245 0.127331614298488 0.103796135744365 0.0861476307279687 0.0997928007927622
246 0.130450830751315 0.104415407480803 0.0848745130324815 0.100822362070963
247 0.13097070016012 0.105653950953678 0.0878451209886183 0.101337142710063
248 0.13097070016012 0.106582858558335 0.0884816798363619 0.101079752390513
249 0.133050177795338 0.106892494426554 0.0863598170105499 0.102109313668713
250 0.13097070016012 0.107511766162992 0.0857232581628063 0.103138874946913
251 0.131490569568924 0.107511766162992 0.0893304249666868 0.100822362070963
252 0.132530308386533 0.109679217240525 0.0899669838144304 0.102366703988263
253 0.137209133065774 0.109988853108744 0.0880573072711995 0.102881484627363
254 0.134609786021751 0.111846668318058 0.0891182386841056 0.105455387822864
255 0.136169394248165 0.112775575922715 0.0908157289447552 0.102366703988263
256 0.137209133065774 0.11432375526381 0.090603542662174 0.106742339420614
257 0.145007174197842 0.112775575922715 0.0903913563795928 0.105455387822864
258 0.139288610700992 0.110608124845182 0.0920888466402424 0.106227558781514
259 0.136169394248165 0.113085211790934 0.0899669838144304 0.109058852296565
260 0.138768741292187 0.113394847659153 0.0939985231834732 0.108286681337915
261 0.138768741292187 0.117729749814218 0.0944228957486356 0.108544071657465
262 0.145007174197842 0.115871934604905 0.0961203860092853 0.111375365172516
263 0.146046913015451 0.118349021550656 0.0944228957486356 0.109316242616115
264 0.149166129468278 0.117420113946 0.0963325722918665 0.112919707089816
265 0.14708665183306 0.120516472628189 0.0969691311396101 0.112662316770266
266 0.14708665183306 0.120826108496408 0.0984544351176785 0.110345803894316
267 0.149166129468278 0.12330319544216 0.0971813174221913 0.113434487728917
268 0.150205868285887 0.120826108496408 0.0978178762699349 0.112919707089816
269 0.150725737694691 0.121135744364627 0.0976056899873537 0.113949268368017
270 0.1517654765123 0.119897200891751 0.0993031802480033 0.114721439326667
271 0.153325084738714 0.127638097597226 0.100364111660909 0.114978829646217
272 0.156964170600345 0.125780282387912 0.101000670508653 0.119869245717669
273 0.154364823556323 0.121755016101065 0.103122533334465 0.116780561883068
274 0.153844954147518 0.131663363884072 0.108215004116414 0.121156197315419
275 0.15748404000915 0.124851374783255 0.107154072703508 0.119097074759018
276 0.15748404000915 0.130115184542977 0.104395651029952 0.119611855398118
277 0.160083387053172 0.129805548674758 0.106305327573183 0.120126636037219
278 0.164762211732413 0.127947733465445 0.103334719617046 0.121670977954519
279 0.160083387053172 0.129805548674758 0.106093141290602 0.120384026356769
280 0.160603256461977 0.131663363884072 0.106941886420927 0.119869245717669
281 0.15748404000915 0.135688630170919 0.104820023595115 0.12321531987182
282 0.171000644638067 0.132901907356948 0.108851562964158 0.122185758593619
283 0.170480775229262 0.132901907356948 0.109700308094482 0.126818784345521
284 0.173080122273285 0.132901907356948 0.11097342578997 0.122700539232719
285 0.168401297594044 0.137856081248452 0.112670916050619 0.126304003706421
286 0.167361558776435 0.137236809512014 0.112246543485457 0.12321531987182
287 0.165282081141217 0.140642804062423 0.111397798355132 0.127333564984621
288 0.170480775229262 0.14157171166708 0.111185612072551 0.127076174665071
289 0.171000644638067 0.140952439930642 0.114792778876431 0.128620516582371
290 0.177239077543721 0.149931880108992 0.116490269137081 0.128105735943271
291 0.175679469317308 0.140642804062423 0.1162780828545 0.128877906901921
292 0.176719208134917 0.143429526876393 0.116702455419662 0.130422248819222
293 0.175679469317308 0.147764429031459 0.114792778876431 0.130679639138772
294 0.178798685770135 0.14745479316324 0.118399945680312 0.128877906901921
295 0.17827881636133 0.151789695318306 0.119673063375799 0.130164858499672
296 0.17827881636133 0.151170423581868 0.120521808506124 0.136084835849324
297 0.182437771631766 0.149931880108992 0.123068043897098 0.134283103612473
298 0.185556988084593 0.148383700767897 0.116065896571918 0.131709200416972
299 0.180878163405353 0.152408967054744 0.120733994788705 0.137629177766624
300 0.189196073946225 0.15364751052762 0.117339014267406 0.138916129364375
301 0.189196073946225 0.154266782264057 0.121794926201611 0.135312664890673
302 0.190755682172638 0.161078771364875 0.124128975310004 0.138143958405724
303 0.185556988084593 0.160459499628437 0.127736142113885 0.140717861601225
304 0.189715943355029 0.155814961605152 0.125402093005491 0.139688300323025
305 0.19439476803427 0.16262695070597 0.124553347875167 0.140203080962125
306 0.187116596311007 0.162007678969532 0.128160514679047 0.140975251920775
307 0.193874898625465 0.157982412682685 0.128372700961628 0.142004813198976
308 0.194914637443074 0.159840227891999 0.131767681482928 0.142519593838076
309 0.192835159807856 0.160769135496656 0.128584887244209 0.143034374477176
310 0.193355029216661 0.161388407233094 0.130918936352603 0.142519593838076
311 0.196474245669488 0.170058211543225 0.131555495200346 0.147667400229077
312 0.19439476803427 0.166961852861035 0.13219205404809 0.147410009909527
313 0.197513984487097 0.163246222442408 0.134101730591321 0.150241303424578
314 0.205831895027969 0.165104037651722 0.136647965982295 0.151013474383228
315 0.200113331531119 0.170367847411444 0.140891691633919 0.151013474383228
316 0.199593462122315 0.168200396333911 0.135374848286808 0.146895229270427
317 0.198553723304706 0.168819668070349 0.134950475721646 0.151528255022329
318 0.200633200939924 0.169748575675006 0.13388954430874 0.15641867109378
319 0.201672939757533 0.170987119147882 0.137072338547458 0.151528255022329
320 0.205831895027969 0.173773841961853 0.141316064199082 0.159249964608831
321 0.207911372663187 0.1777991082487 0.139618573938432 0.157963013011081
322 0.215709413795255 0.178728015853356 0.139406387655851 0.15538910981558
323 0.211550458524819 0.175631657171167 0.141316064199082 0.159249964608831
324 0.211550458524819 0.180276195194451 0.141316064199082 0.160794306526132
325 0.208431242071992 0.176250928907605 0.143225740742313 0.157963013011081
326 0.21518954438645 0.179347287589794 0.144074485872637 0.159507354928381
327 0.218308760839277 0.18368218974486 0.148954770372005 0.162853429082532
328 0.221427977292104 0.185230369085955 0.145559789850706 0.157705622691531
329 0.216229283204059 0.18368218974486 0.145559789850706 0.167486454834434
330 0.215709413795255 0.188636363636364 0.151076633197817 0.166456893556233
331 0.227146540788954 0.188017091899926 0.152561937175885 0.167743845153984
332 0.222467716109713 0.186159276690612 0.150652260632655 0.163368209721632
333 0.219348499656886 0.194829081000743 0.147893838959099 0.168258625793084
334 0.224027324336127 0.186159276690612 0.157654407957834 0.168516016112634
335 0.221427977292104 0.198544711419371 0.152986309741048 0.171862090266785
336 0.222467716109713 0.191732722318553 0.153198496023629 0.168516016112634
337 0.231825365468194 0.195138716868962 0.156593476544928 0.171347309627685
338 0.230785626650585 0.199783254892247 0.156169103979766 0.177009896657787
339 0.233904843103412 0.193900173396086 0.155320358849441 0.175722945060036
340 0.233384973694608 0.20195070596978 0.159988457066228 0.171862090266785
341 0.237543928965044 0.200402526628685 0.161473761044296 0.179841190172838
342 0.230785626650585 0.206285608124845 0.161049388479134 0.177524677296887
343 0.237024059556239 0.206595243993064 0.163595623870108 0.177009896657787
344 0.242742623053089 0.21093014614813 0.169324653499801 0.181900312729238
345 0.239103537191457 0.20783378746594 0.16211031989204 0.180355970811938
346 0.239623406600262 0.210001238543473 0.167839349521732 0.183959435285639
347 0.242742623053089 0.212168689621006 0.165929672978501 0.182929874007439
348 0.240143276009067 0.215884320039633 0.168688094652057 0.18859246103754
349 0.242742623053089 0.206904879861283 0.16401999643527 0.18601855784204
350 0.238583667782653 0.21681322764429 0.171658702608194 0.189622022315741
351 0.257298966499615 0.217432499380728 0.169324653499801 0.18782029007889
352 0.258338705317224 0.22300594500867 0.179933967628861 0.18679072880069
353 0.255219488864397 0.222696309140451 0.171870888890775 0.190136802954841
354 0.257298966499615 0.220838493931137 0.174204937999168 0.185503777202939
355 0.263537399405269 0.226411939559079 0.177599918520468 0.193225486789442
356 0.263537399405269 0.228579390636611 0.17802429108563 0.195027219026292
357 0.266136746449292 0.224863760217984 0.18502643841081 0.198630683499994
358 0.26249766058766 0.229508298241268 0.17802429108563 0.196314170624043
359 0.263017529996465 0.225173396086203 0.180358340194023 0.193997657748092
360 0.154884692965127 0.122993559573941 0.139830760221013 0.108286681337915
361 0.15748404000915 0.127018825860788 0.137072338547458 0.106742339420614
362 0.15748404000915 0.125161010651474 0.13579922085197 0.104683216864214
363 0.15748404000915 0.126089918256131 0.13749671111262 0.105455387822864
364 0.16216286468839 0.134450086698043 0.13749671111262 0.110860584533416
365 0.162682734097195 0.131044092147634 0.137708897395201 0.108801461977015
366 0.158003909417954 0.130115184542977 0.13919420137327 0.111117974852966
367 0.162682734097195 0.133830814961605 0.138982015090688 0.106227558781514
368 0.15748404000915 0.131972999752291 0.136435779699714 0.105197997503314
369 0.15748404000915 0.130115184542977 0.140042946503594 0.109573632935665
370 0.16216286468839 0.130734456279415 0.141316064199082 0.106999729740164
371 0.164242342323608 0.133830814961605 0.140467319068757 0.107771900698815
372 0.164762211732413 0.1353789943027 0.1411038779165 0.109573632935665
373 0.160083387053172 0.133521179093386 0.1444988584378 0.109573632935665
374 0.163202603505999 0.138784988853109 0.143225740742313 0.110603194213866
375 0.166321819958826 0.138165717116671 0.145347603568125 0.111632755492066
376 0.170480775229262 0.136617537775576 0.148742584089424 0.110860584533416
377 0.165801950550022 0.139404260589547 0.143225740742313 0.111117974852966
378 0.168401297594044 0.1353789943027 0.146408534981031 0.109058852296565
379 0.164762211732413 0.136307901907357 0.147469466393937 0.112662316770266
380 0.171520514046871 0.135998266039138 0.147893838959099 0.113434487728917
381 0.169441036411653 0.139404260589547 0.143650113307475 0.110860584533416
382 0.17359999168209 0.14157171166708 0.145135417285543 0.113949268368017
383 0.165801950550022 0.137236809512014 0.150227888067492 0.112404926450716
384 0.175679469317308 0.139094624721328 0.145559789850706 0.113949268368017
385 0.178798685770135 0.140333168194204 0.144074485872637 0.110860584533416
386 0.17827881636133 0.139713896457766 0.146196348698449 0.112404926450716
387 0.174119861090894 0.143739162744612 0.14810602524168 0.111375365172516
388 0.170480775229262 0.145596977953926 0.150227888067492 0.113177097409366
389 0.169441036411653 0.140333168194204 0.144286672155219 0.114978829646217
390 0.176719208134917 0.140333168194204 0.146832907546193 0.114978829646217
391 0.180878163405353 0.145287342085707 0.149379142937167 0.113434487728917
392 0.178798685770135 0.145906613822145 0.152561937175885 0.112919707089816
393 0.179318555178939 0.143119891008174 0.142589181894569 0.112404926450716
394 0.179318555178939 0.140952439930642 0.150652260632655 0.116008390924417
395 0.178798685770135 0.141881347535298 0.14980351550233 0.111117974852966
396 0.178798685770135 0.146835521426802 0.149379142937167 0.115751000604867
397 0.178798685770135 0.143119891008174 0.148742584089424 0.109058852296565
398 0.175679469317308 0.143429526876393 0.150015701784911 0.110860584533416
399 0.178798685770135 0.142810255139955 0.14810602524168 0.116265781243967
400 0.175679469317308 0.140952439930642 0.144074485872637 0.113949268368017
401 0.180358293996548 0.142500619271736 0.144074485872637 0.113177097409366
402 0.17827881636133 0.143119891008174 0.144286672155219 0.114464049007117
403 0.17827881636133 0.14435843448105 0.147257280111355 0.114464049007117
404 0.186076857493398 0.148383700767897 0.147257280111355 0.111890145811616
405 0.178798685770135 0.142810255139955 0.146196348698449 0.109573632935665
406 0.187116596311007 0.148383700767897 0.143225740742313 0.112662316770266
407 0.179318555178939 0.14745479316324 0.1444988584378 0.116780561883068
408 0.178798685770135 0.149312608372554 0.150227888067492 0.112404926450716
409 0.112775270851962 0.153028238791182 0.14810602524168 0.114721439326667
410 0.109656054399135 0.155814961605152 0.143650113307475 0.114464049007117
411 0.114334879078376 0.155814961605152 0.147681652676518 0.114464049007117
412 0.110695793216744 0.157053505078028 0.148318211524261 0.115751000604867
413 0.115894487304789 0.156124597473371 0.146832907546193 0.117552732841718
414 0.113815009669571 0.161078771364875 0.147681652676518 0.115751000604867
415 0.114334879078376 0.157053505078028 0.150227888067492 0.114206658687567
416 0.114334879078376 0.159840227891999 0.146620721263612 0.117295342522168
417 0.114334879078376 0.15643423334159 0.146620721263612 0.115493610285317
418 0.115374617895985 0.162936586574189 0.149591329219749 0.119097074759018
419 0.11485474848718 0.158911320287342 0.144286672155219 0.119097074759018
420 0.113815009669571 0.162007678969532 0.145347603568125 0.118067513480818
421 0.117454095531203 0.164484765915284 0.148318211524261 0.118582294119918
422 0.118493834348812 0.164484765915284 0.149591329219749 0.117295342522168
423 0.116934226122398 0.166652216992816 0.14810602524168 0.118582294119918
424 0.115894487304789 0.166342581124597 0.150864446915236 0.118067513480818
425 0.119013703757616 0.161698043101313 0.146832907546193 0.117810123161268
426 0.116414356713594 0.167890760465692 0.153198496023629 0.118324903800368
427 0.12057331198403 0.16572330938816 0.149166956654586 0.119097074759018
428 0.116414356713594 0.169438939806787 0.154683800001698 0.121156197315419
429 0.117973964940007 0.166961852861035 0.150015701784911 0.117037952202618
430 0.119013703757616 0.168200396333911 0.150015701784911 0.118839684439468
431 0.121613050801639 0.167581124597473 0.150227888067492 0.117037952202618
432 0.12057331198403 0.167271488729254 0.154471613719116 0.119611855398118
433 0.119533573166421 0.170987119147882 0.154895986284279 0.121928368274069
434 0.122132920210443 0.16851003220213 0.152349750893304 0.120641416676319
435 0.122132920210443 0.168819668070349 0.147893838959099 0.118582294119918
436 0.121613050801639 0.172535298488977 0.152774123458467 0.119869245717669
437 0.123172659028052 0.171916026752539 0.148318211524261 0.121670977954519
438 0.12057331198403 0.176250928907605 0.152137564610723 0.12347271019137
439 0.124732267254466 0.175631657171167 0.149591329219749 0.12424488115002
440 0.12525213666327 0.176560564775824 0.154683800001698 0.121928368274069
441 0.129411091933706 0.168819668070349 0.15510817256686 0.120641416676319
442 0.122132920210443 0.174393113698291 0.154259427436535 0.12424488115002
443 0.123172659028052 0.175322021302948 0.154895986284279 0.12321531987182
444 0.129930961342511 0.178728015853356 0.155956917697185 0.122185758593619
445 0.128891222524902 0.177489472380481 0.157230035392672 0.12347271019137
446 0.127331614298488 0.176560564775824 0.154471613719116 0.12321531987182
447 0.130450830751315 0.1777991082487 0.158927525653322 0.12578922306732
448 0.132010438977729 0.181205102799108 0.156169103979766 0.127848345623721
449 0.13097070016012 0.178728015853356 0.158927525653322 0.12347271019137
450 0.129930961342511 0.179966559326232 0.16041282963139 0.122443148913169
451 0.131490569568924 0.179037651721575 0.159139711935903 0.122700539232719
452 0.130450830751315 0.183991825613079 0.161685947326877 0.12553183274777
453 0.13097070016012 0.178418379985137 0.158927525653322 0.129392687541022
454 0.13097070016012 0.18677854842705 0.15510817256686 0.127590955304171
455 0.13097070016012 0.188945999504583 0.157230035392672 0.127333564984621
456 0.130450830751315 0.183991825613079 0.158078780522997 0.127848345623721
457 0.13097070016012 0.185230369085955 0.159988457066228 0.127848345623721
458 0.13097070016012 0.188945999504583 0.154471613719116 0.130679639138772
459 0.13097070016012 0.189565271241021 0.160837202196552 0.130164858499672
460 0.133050177795338 0.18987490710924 0.157442221675253 0.128105735943271
461 0.130450830751315 0.18987490710924 0.163595623870108 0.126561394025971
462 0.13564952483936 0.192971265791429 0.16041282963139 0.129392687541022
463 0.131490569568924 0.190803814713896 0.15680566282751 0.129650077860572
464 0.13564952483936 0.193900173396086 0.162322506174621 0.129650077860572
465 0.136169394248165 0.1957579886054 0.167627163239151 0.131966590736522
466 0.13564952483936 0.194519445132524 0.161685947326877 0.128620516582371
467 0.137729002474578 0.192971265791429 0.165080927848176 0.130937029458322
468 0.13564952483936 0.19266162992321 0.162746878739783 0.131451810097422
469 0.139808480109796 0.201021798365123 0.167627163239151 0.132223981056072
470 0.136169394248165 0.193280901659648 0.170173398630125 0.131451810097422
471 0.139288610700992 0.1957579886054 0.172295261455937 0.136084835849324
472 0.136169394248165 0.200712162496904 0.167627163239151 0.136857006807974
473 0.140848218927405 0.201641070101561 0.16741497695657 0.133510932653823
474 0.144487304789037 0.201641070101561 0.171234330043031 0.135570055210224
475 0.139288610700992 0.203808521179093 0.169536839782382 0.140203080962125
476 0.145527043606646 0.202569977706217 0.16571748669592 0.141232642240325
477 0.148646260059473 0.0663301956898687 0.169536839782382 0.139173519683925
478 0.152805215329909 0.0672591032945256 0.173356192868843 0.138143958405724
479 0.153844954147518 0.0681880108991826 0.173568379151425 0.138401348725274
480 0.152285345921105 0.0691169185038395 0.17802429108563 0.140460471281675
481 0.156964170600345 0.0672591032945256 0.17972178134628 0.138401348725274
482 0.148646260059473 0.0703554619767154 0.178236477368211 0.140460471281675
483 0.151245607103496 0.0712843695813723 0.174417124281749 0.141232642240325
484 0.153844954147518 0.0694265543720585 0.175053683129493 0.143034374477176
485 0.154884692965127 0.0691169185038395 0.177387732237886 0.144063935755376
486 0.156444301191541 0.0719036413178103 0.178236477368211 0.143291764796726
487 0.155924431782736 0.0740710923953431 0.179085222498536 0.143034374477176
488 0.15748404000915 0.0740710923953431 0.181207085324348 0.145865667992227
489 0.15748404000915 0.0740710923953431 0.180782712759186 0.143806545435826
490 0.15748404000915 0.0740710923953431 0.179933967628861 0.147410009909527
491 0.160603256461977 0.075619271736438 0.181419271606929 0.142262203518526
492 0.159563517644368 0.0743807282635621 0.187784860084365 0.146380448631327
493 0.15748404000915 0.074690364131781 0.181207085324348 0.147667400229077
494 0.15748404000915 0.0759289076046569 0.187148301236622 0.148182180868178
495 0.16216286468839 0.0768578152093139 0.192452958301152 0.149983913105028
496 0.160603256461977 0.0780963586821898 0.0763870617292333 0.152815206620079
497 0.164242342323608 0.0787156304186277 0.0742651989034213 0.149983913105028
498 0.159043648235563 0.0780963586821898 0.0740530126208401 0.151013474383228
499 0.166841689367631 0.0796445380232846 0.0736286400556777 0.152300425980979
500 0.163722472914804 0.0808830814961605 0.0742651989034213 0.151528255022329
501 0.167361558776435 0.0780963586821898 0.0759626891640709 0.157963013011081
502 0.17256025286448 0.0811927173643795 0.0751139440337461 0.154102158217829
503 0.164762211732413 0.0796445380232846 0.0795698559679514 0.158220403330631
504 0.174119861090894 0.0808830814961605 0.0782967382724642 0.15461693885693
505 0.17256025286448 0.0811927173643795 0.0782967382724642 0.160536916206581
506 0.173080122273285 0.0811927173643795 0.0782967382724642 0.159249964608831
507 0.174119861090894 0.0805734456279416 0.0761748754466521 0.15693345173288
508 0.172040383455676 0.0811927173643795 0.0765992480118145 0.160279525887031
509 0.179318555178939 0.0830505325736933 0.078084551989883 0.161309087165232
510 0.17827881636133 0.0818119891008175 0.0799942285331138 0.158477793650181
511 0.173080122273285 0.0849083477830072 0.0799942285331138 0.158992574289281
512 0.175679469317308 0.0852179836512261 0.0785089245550454 0.158992574289281
513 0.182437771631766 0.0845987119147882 0.0808429736634386 0.163368209721632
514 0.178798685770135 0.0845987119147882 0.0808429736634386 0.15744823237198
515 0.175679469317308 0.0824312608372554 0.0808429736634386 0.165169941958483
516 0.179318555178939 0.0839794401783503 0.0793576696853702 0.166971674195334
517 0.177239077543721 0.0883143423334159 0.0806307873808574 0.161566477484782
518 0.182437771631766 0.0836698043101313 0.0836013953369943 0.165684722597583
519 0.10445736031109 0.08707579886054 0.0825404639240882 0.169288187071284
520 0.108616315581526 0.086456527124102 0.0814795325111822 0.169545577390834
521 0.105497099128699 0.087385434728759 0.0825404639240882 0.169545577390834
522 0.106536837946308 0.0883143423334159 0.0844501404673191 0.170060358029934
523 0.107576576763917 0.087385434728759 0.0840257679021567 0.169030796751734
524 0.109656054399135 0.0895528858062918 0.0831770227718319 0.169802967710384
525 0.110175923807939 0.0901721575427297 0.0846623267499003 0.175722945060036
526 0.10913618499033 0.0880047064651969 0.0867841895757123 0.169288187071284
527 0.109656054399135 0.0907914292791677 0.0831770227718319 0.168773406432184
528 0.112775270851962 0.0889336140698538 0.0840257679021567 0.174693383781836
529 0.110175923807939 0.0898625216745108 0.0842379541847379 0.169288187071284
530 0.110175923807939 0.0907914292791677 0.0852988855976439 0.172376870905885
531 0.111735532034353 0.0917203368838246 0.0859354444453875 0.178039457935987
532 0.112775270851962 0.0935781520931385 0.0889060524015243 0.177267286977337
533 0.112775270851962 0.0923396086202626 0.0852988855976439 0.176237725699136
534 0.115374617895985 0.0911010651473867 0.0857232581628063 0.180870751451038
535 0.110695793216744 0.0932685162249195 0.0850866993150627 0.176752506338237
536 0.110695793216744 0.0932685162249195 0.0876329347060371 0.18576116752249
537 0.115374617895985 0.0923396086202626 0.0867841895757123 0.181642922409688
538 0.113815009669571 0.0972937825117662 0.0891182386841056 0.182157703048788
539 0.119013703757616 0.0957456031706713 0.0872085621408747 0.180870751451038
540 0.117454095531203 0.0954359673024523 0.0889060524015243 0.184988996563839
541 0.113295140260766 0.0972937825117662 0.0884816798363619 0.189622022315741
542 0.117454095531203 0.0960552390388903 0.0899669838144304 0.191166364233041
543 0.117454095531203 0.0976034183799851 0.0893304249666868 0.190394193274391
544 0.119533573166421 0.0982226901164231 0.0908157289447552 0.183959435285639
545 0.118493834348812 0.101009412930394 0.0893304249666868 0.194769828706742
546 0.116414356713594 0.100390141193956 0.0899669838144304 0.18833507071799
547 0.12057331198403 0.09915159772108 0.0897547975318492 0.18884985135709
548 0.121613050801639 0.0976034183799851 0.093786336900892 0.192968096469892
549 0.120053442575225 0.104105771612584 0.0933619643357296 0.189879412635291
550 0.122652789619248 0.102867228139708 0.0910279152273364 0.193482877108992
551 0.12525213666327 0.103176864007927 0.0946350820312168 0.198373293180443
552 0.120053442575225 0.10224795640327 0.0935741506183108 0.200689806056394
553 0.125772006072075 0.101938320535051 0.0923010329228236 0.200432415736844
554 0.123692528436857 0.102867228139708 0.0956960134441229 0.201204586695494
555 0.130450830751315 0.103176864007927 0.092725405487986 0.201719367334595
556 0.12525213666327 0.105034679217241 0.0946350820312168 0.205837612447396
557 0.125772006072075 0.102867228139708 0.0931497780531484 0.200432415736844
558 0.12525213666327 0.103796135744365 0.0959081997267041 0.203006318932345
559 0.129411091933706 0.106273222690116 0.0954838271615417 0.202234147973695
560 0.126291875480879 0.106273222690116 0.0997275528131657 0.206095002766946
561 0.12525213666327 0.109988853108744 0.0976056899873537 0.208411515642897
562 0.13097070016012 0.106582858558335 0.0978178762699349 0.211242809157948
563 0.130450830751315 0.109369581372306 0.0971813174221913 0.204550660849645
564 0.13097070016012 0.108440673767649 0.0978178762699349 0.204293270530095
565 0.13097070016012 0.109059945504087 0.0984544351176785 0.209441076921097
566 0.133050177795338 0.112156304186277 0.099939739095747 0.210213247879747
567 0.134089916612947 0.114014119395591 0.101212856791234 0.216133225229399
568 0.136169394248165 0.110608124845182 0.0993031802480033 0.213044541394798
569 0.135129655430556 0.114014119395591 0.102061601921559 0.0882102364130085
570 0.137209133065774 0.11432375526381 0.10397127846479 0.104168436225114
571 0.141887957745014 0.114943027000248 0.103334719617046 0.0887250170521087
572 0.136169394248165 0.117729749814218 0.103334719617046 0.0941302137626604
573 0.137729002474578 0.114633391132029 0.101425043073815 0.110603194213866
574 0.142407827153819 0.118349021550656 0.106093141290602 0.0949023847213106
575 0.138248871883383 0.116181570473124 0.104395651029952 0.113949268368017
576 0.141887957745014 0.118039385682437 0.104820023595115 0.0979910685559116
577 0.146566782424255 0.120826108496408 0.103122533334465 0.0946449944017606
578 0.136689263656969 0.122064651969284 0.10397127846479 0.0941302137626604
579 0.144487304789037 0.120826108496408 0.106729700138345 0.0954171653604108
580 0.148126390650669 0.119277929155313 0.104820023595115 0.0964467266386111
581 0.147606521241864 0.119587565023532 0.106729700138345 0.0941302137626604
582 0.145527043606646 0.121755016101065 0.106941886420927 0.0979910685559116
583 0.14708665183306 0.121135744364627 0.108215004116414 0.0982484588754617
584 0.14708665183306 0.123922467178598 0.107154072703508 0.0956745556799609
585 0.14708665183306 0.123922467178598 0.105880955008021 0.0985058491950118
586 0.14708665183306 0.124232103046817 0.109912494377064 0.0964467266386111
587 0.149166129468278 0.123922467178598 0.111397798355132 0.105455387822864
588 0.150725737694691 0.124851374783255 0.106729700138345 0.100050191112312
589 0.152285345921105 0.126089918256131 0.110336866942226 0.109058852296565
590 0.15748404000915 0.126709189992569 0.109488121811901 0.101337142710063
591 0.15748404000915 0.127638097597226 0.111822170920294 0.103911045905563
592 0.152285345921105 0.131663363884072 0.115641524006756 0.104425826544664
593 0.15748404000915 0.127638097597226 0.112246543485457 0.106484949101064
594 0.155404562373932 0.127638097597226 0.116065896571918 0.101337142710063
595 0.158003909417954 0.13228263562051 0.113731847463525 0.109316242616115
596 0.15748404000915 0.131044092147634 0.114156220028688 0.108029291018365
597 0.16216286468839 0.131353728015853 0.114368406311269 0.106484949101064
598 0.158003909417954 0.131044092147634 0.119036504528055 0.110345803894316
599 0.165801950550022 0.132901907356948 0.116914641702243 0.108544071657465
600 0.159563517644368 0.137546445380233 0.117339014267406 0.108286681337915
601 0.161123125870781 0.140333168194204 0.118612131962893 0.106227558781514
602 0.161642995279586 0.137546445380233 0.11988524965838 0.106484949101064
603 0.162682734097195 0.137856081248452 0.122431485049355 0.107514510379265
604 0.16216286468839 0.143119891008174 0.124553347875167 0.109058852296565
605 0.162682734097195 0.141881347535298 0.118399945680312 0.108801461977015
606 0.16216286468839 0.140642804062423 0.11818775939773 0.109058852296565
607 0.169960905820458 0.144048798612831 0.11988524965838 0.110603194213866
608 0.17256025286448 0.143739162744612 0.119460877093218 0.113691878048467
609 0.17359999168209 0.143429526876393 0.123280230179679 0.110860584533416
610 0.169441036411653 0.144048798612831 0.128160514679047 0.118067513480818
611 0.175159599908503 0.143119891008174 0.125826465570654 0.112919707089816
612 0.172040383455676 0.143739162744612 0.124977720440329 0.114464049007117
613 0.177758946952526 0.148693336636116 0.126038651853235 0.115493610285317
614 0.177239077543721 0.148074064899678 0.128584887244209 0.111375365172516
615 0.178798685770135 0.151480059450087 0.126250838135816 0.118582294119918
616 0.179838424587744 0.149312608372554 0.125826465570654 0.114206658687567
617 0.175679469317308 0.149931880108992 0.129433632374534 0.116780561883068
618 0.179318555178939 0.151789695318306 0.130282377504859 0.116008390924417
619 0.178798685770135 0.152408967054744 0.127736142113885 0.115493610285317
620 0.17827881636133 0.157053505078028 0.133252985460996 0.121670977954519
621 0.107576576763917 0.154576418132276 0.128160514679047 0.120641416676319
622 0.108096446172721 0.155505325736933 0.131343308917765 0.119354465078568
623 0.10445736031109 0.157053505078028 0.136435779699714 0.116523171563518
624 0.109656054399135 0.15643423334159 0.136011407134552 0.121156197315419
625 0.109656054399135 0.162007678969532 0.136860152264876 0.12475966178912
626 0.109656054399135 0.163555858310627 0.132828612895834 0.118582294119918
627 0.10913618499033 0.163555858310627 0.136647965982295 0.12321531987182
628 0.110175923807939 0.168200396333911 0.136435779699714 0.126818784345521
629 0.112775270851962 0.161078771364875 0.138133269960364 0.119611855398118
630 0.109656054399135 0.165104037651722 0.141528250481663 0.12321531987182
631 0.110175923807939 0.170058211543225 0.139830760221013 0.119611855398118
632 0.110175923807939 0.168819668070349 0.145347603568125 0.12347271019137
633 0.114334879078376 0.165413673519941 0.140255132786176 0.12347271019137
634 0.110695793216744 0.168819668070349 0.138982015090688 0.127590955304171
635 0.114334879078376 0.173154570225415 0.145771976133287 0.127076174665071
636 0.115894487304789 0.169438939806787 0.146196348698449 0.127590955304171
637 0.115894487304789 0.175012385434729 0.141952623046825 0.128363126262821
638 0.11485474848718 0.170058211543225 0.144711044720381 0.129392687541022
639 0.11485474848718 0.179347287589794 0.14810602524168 0.127333564984621
640 0.12057331198403 0.178418379985137 0.148742584089424 0.130937029458322
641 0.119013703757616 0.1777991082487 0.152561937175885 0.127848345623721
642 0.122132920210443 0.175631657171167 0.151501005762979 0.130937029458322
643 0.119013703757616 0.182753282140203 0.151713192045561 0.129907468180122
644 0.118493834348812 0.183062918008422 0.148742584089424 0.127333564984621
645 0.119533573166421 0.183062918008422 0.153622868588791 0.133510932653823
646 0.124212397845661 0.185849640822393 0.155744731414604 0.136599616488424
647 0.12525213666327 0.187707456031707 0.152349750893304 0.131709200416972
648 0.118493834348812 0.184920733217736 0.155320358849441 0.135055274571123
649 0.126811744889684 0.18368218974486 0.154047241153954 0.130422248819222
650 0.119533573166421 0.187707456031707 0.15871533937074 0.130679639138772
651 0.122652789619248 0.191113450582115 0.158927525653322 0.135312664890673
652 0.123172659028052 0.192351994054991 0.162534692457202 0.134025713292923
653 0.13097070016012 0.188945999504583 0.159564084501065 0.140717861601225
654 0.127851483707293 0.190494178845678 0.164868741565595 0.136342226168874
655 0.127331614298488 0.198235075551152 0.167627163239151 0.137886568086174
656 0.130450830751315 0.199163983155809 0.161898133609458 0.140717861601225
657 0.129411091933706 0.1957579886054 0.16401999643527 0.140717861601225
658 0.129930961342511 0.199163983155809 0.168263722086895 0.141232642240325
659 0.130450830751315 0.200712162496904 0.16571748669592 0.139945690642575
660 0.133570047204142 0.203189249442655 0.164868741565595 0.139430910003475
661 0.13097070016012 0.197306167946495 0.16571748669592 0.141490032559875
662 0.137729002474578 0.202569977706217 0.175478055694655 0.139173519683925
663 0.137209133065774 0.204427792915531 0.169961212347544 0.142262203518526
664 0.132530308386533 0.207524151597721 0.169112467217219 0.140717861601225
665 0.130450830751315 0.208762695070597 0.173780565434006 0.144063935755376
666 0.133570047204142 0.208762695070597 0.174629310564331 0.148954351826828
667 0.135129655430556 0.210310874411692 0.182268016737254 0.147924790548627
668 0.13564952483936 0.210310874411692 0.173144006586262 0.145350887353127
669 0.136169394248165 0.216503591776071 0.181843644172092 0.140717861601225
670 0.141887957745014 0.221457765667575 0.175902428259818 0.149983913105028
671 0.137209133065774 0.215265048303195 0.17632680082498 0.153844767898279
672 0.137729002474578 0.217432499380728 0.177812104803049 0.151013474383228
673 0.145527043606646 0.218671042853604 0.18502643841081 0.150756084063678
674 0.145007174197842 0.226721575427298 0.17802429108563 0.148696961507278
675 0.142407827153819 0.220838493931137 0.183116761867579 0.149983913105028
676 0.139808480109796 0.21990958632648 0.18332894815016 0.151013474383228
677 0.142927696562623 0.228579390636611 0.185662997258553 0.15641867109378
678 0.140848218927405 0.223315580876889 0.186299556106297 0.15667606141333
679 0.138768741292187 0.224244488481546 0.183753320715322 0.151013474383228
680 0.14708665183306 0.227650483031954 0.184814252128228 0.152043035661429
681 0.140848218927405 0.227960118900173 0.195423566257289 0.15616128077423
682 0.144487304789037 0.229508298241268 0.195423566257289 0.160536916206581
683 0.155404562373932 0.234152836264553 0.192028585735989 0.158735183969731
684 0.148126390650669 0.24096482536537 0.19033109547534 0.159249964608831
685 0.150205868285887 0.236320287342086 0.193513889714058 0.158220403330631
686 0.149166129468278 0.239416646024275 0.200303850756656 0.162596038762982
687 0.152285345921105 0.24406118404756 0.19924291934375 0.160279525887031
688 0.152805215329909 0.232604656923458 0.207305998081836 0.159249964608831
689 0.153844954147518 0.242513004706465 0.20263789986505 0.160794306526132
690 0.155924431782736 0.249015357939064 0.203911017560537 0.165942112917133
691 0.15748404000915 0.251182809016597 0.201152595886981 0.164397770999833
692 0.147606521241864 0.243751548179341 0.204123203843118 0.167743845153984
693 0.158523778826759 0.249324993807283 0.205396321538605 0.161566477484782
694 0.158523778826759 0.248086450334407 0.20624506666893 0.168516016112634
695 0.158523778826759 0.251802080753034 0.205820694103768 0.170832528988585
696 0.161642995279586 0.262639336140699 0.208154743212161 0.170317748349485
697 0.163722472914804 0.257994798117414 0.205820694103768 0.169288187071284
698 0.161123125870781 0.256446618776319 0.218127498493477 0.173149041864535
699 0.164242342323608 0.255208075303443 0.218976243623802 0.171604699947235
700 0.159043648235563 0.267283874163983 0.221946851579939 0.170317748349485
701 0.16216286468839 0.259542977458509 0.221098106449614 0.173406432184086
702 0.163202603505999 0.268522417636859 0.214308145407016 0.177009896657787
703 0.163722472914804 0.267903145900421 0.218127498493477 0.183444654646539
704 0.169960905820458 0.270070596977954 0.222371224145101 0.177267286977337
705 0.167361558776435 0.268832053505078 0.22746369492705 0.180098580492388
706 0.173080122273285 0.270070596977954 0.220885920167033 0.175722945060036
707 0.167361558776435 0.266354966559326 0.213035027711529 0.174950774101386
708 0.169441036411653 0.270380232846173 0.224917459536076 0.180355970811938
709 0.163202603505999 0.277811493683428 0.225129645818657 0.171604699947235
710 0.17359999168209 0.282765667574932 0.235314587382555 0.18782029007889
711 0.17827881636133 0.277501857815209 0.227039322361888 0.183959435285639
712 0.176199338726112 0.284004211047808 0.228312440057375 0.182672483687889
713 0.17827881636133 0.277811493683428 0.227888067492213 0.185246386883389
714 0.17359999168209 0.281836759970275 0.237224263925786 0.18627594816159
715 0.175159599908503 0.282765667574932 0.233617097121905 0.179841190172838
716 0.179318555178939 0.294841466435472 0.237860822773529 0.189879412635291
717 0.178798685770135 0.292674015357939 0.237436450208367 0.179069019214187
718 0.179318555178939 0.298866732722319 0.240194871881923 0.185246386883389
719 0.17359999168209 0.294841466435472 0.245923901511615 0.18704811912024
720 0.0883414086381501 0.257685162249195 0.225129645818657 0.143291764796726
721 0.0893811474557591 0.263877879613574 0.231919606861256 0.142519593838076
722 0.0925003639085862 0.258304433985633 0.23085867544835 0.143806545435826
723 0.0904208862733681 0.276263314342333 0.233404910839324 0.149469132465928
724 0.0930202333173907 0.275334406737677 0.236587705078042 0.149211742146378
725 0.0945798415438042 0.267283874163983 0.237436450208367 0.147410009909527
726 0.0945798415438042 0.275644042605895 0.239558313034179 0.145865667992227
727 0.0919804944997817 0.27440549913302 0.240407058164504 0.147924790548627
728 0.0940599721349997 0.28648129799356 0.245499528946453 0.148696961507278
729 0.0950997109526087 0.28028858062918 0.23977049931676 0.148954351826828
730 0.0945798415438042 0.291745107753282 0.242316734707735 0.148182180868178
731 0.0982189274054358 0.287719841466436 0.25377479396712 0.151013474383228
732 0.0961394497702177 0.284313846916027 0.253138235119376 0.152815206620079
733 0.0961394497702177 0.294841466435472 0.25568447051035 0.15435954853738
734 0.0961394497702177 0.306297993559574 0.254411352814863 0.15461693885693
735 0.0945798415438042 0.297008917513005 0.26268661783553 0.154102158217829
736 0.0992586662230448 0.29236437948972 0.259716009879393 0.154102158217829
737 0.0935401027261952 0.294222194699034 0.264596294378761 0.151528255022329
738 0.0961394497702177 0.301963091404508 0.258867264749069 0.152815206620079
739 0.0945798415438042 0.30134381966807 0.263323176683274 0.158735183969731
740 0.0935401027261952 0.293602922962596 0.258442892183906 0.15641867109378
741 0.0956195803614132 0.299795640326975 0.262262245270368 0.157705622691531
742 0.101858013267067 0.299795640326975 0.262050058987787 0.157963013011081
743 0.0966593191790222 0.305059450086698 0.262262245270368 0.15744823237198
744 0.0992586662230448 0.305988357691355 0.263747549248436 0.15641867109378
745 0.0992586662230448 0.308465444637107 0.266718157204573 0.158992574289281
746 0.0997785356318493 0.307226901164231 0.264808480661342 0.159249964608831
747 0.0982189274054358 0.307226901164231 0.267779088617479 0.160536916206581
748 0.101858013267067 0.300724547931632 0.268627833747804 0.158220403330631
749 0.10445736031109 0.307846172900669 0.26799127490006 0.15667606141333
750 0.103417621493481 0.315277433737924 0.269052206312966 0.159249964608831
751 0.0997785356318493 0.306917265296012 0.270749696573616 0.160279525887031
752 0.104977229719894 0.30753653703245 0.266081598356829 0.162081258123882
753 0.100818274449458 0.3165159772108 0.27138625542136 0.163368209721632
754 0.104977229719894 0.317444884815457 0.277964030181377 0.159764745247931
755 0.103937490902285 0.316206341342581 0.276478726203308 0.161309087165232
756 0.10445736031109 0.31341961852861 0.273083745682009 0.161566477484782
757 0.107056707355112 0.311561803319297 0.27138625542136 0.162338648443432
758 0.108616315581526 0.309084716373545 0.272871559399428 0.162081258123882
759 0.107056707355112 0.309703988109983 0.286875854049787 0.163368209721632
760 0.102377882675872 0.314658162001486 0.275842167355565 0.164140380680283
761 0.106536837946308 0.323947238048056 0.279873706724608 0.165169941958483
762 0.107056707355112 0.316206341342581 0.280510265572351 0.167743845153984
763 0.109656054399135 0.319302700024771 0.280934638137514 0.166199503236683
764 0.103417621493481 0.322089422838742 0.280085893007189 0.162853429082532
765 0.104977229719894 0.330759227148873 0.28730022661495 0.168258625793084
766 0.104977229719894 0.331068863017092 0.288361158027856 0.169030796751734
767 0.108096446172721 0.320850879365866 0.287088040332369 0.168258625793084
768 0.108096446172721 0.322399058706961 0.286451481484625 0.171604699947235
769 0.108616315581526 0.330139955412435 0.286663667767206 0.169288187071284
770 0.110175923807939 0.330139955412435 0.288997716875599 0.171347309627685
771 0.110695793216744 0.329211047807778 0.287936785462693 0.170575138669035
772 0.108616315581526 0.332617042358187 0.295999864200779 0.170060358029934
773 0.110695793216744 0.331378498885311 0.288785530593018 0.173663822503636
774 0.10913618499033 0.338500123854347 0.287512412897531 0.170832528988585
775 0.110695793216744 0.340357939063661 0.287088040332369 0.173663822503636
776 0.108096446172721 0.340048303195442 0.29090739341883 0.172634261225435
777 0.113295140260766 0.34066757493188 0.297060795613685 0.175980335379586
778 0.109656054399135 0.338500123854347 0.291331765983993 0.171604699947235
779 0.111735532034353 0.341906118404756 0.293665815092386 0.177009896657787
780 0.111735532034353 0.345002477086946 0.289846462005924 0.177267286977337
781 0.110695793216744 0.345621748823384 0.293453628809805 0.175465554740486
782 0.108616315581526 0.34686029229626 0.297060795613685 0.175208164420936
783 0.118493834348812 0.350266286846668 0.29790954074401 0.178296848255537
784 0.110695793216744 0.350266286846668 0.299182658439497 0.181385532090138
785 0.111735532034353 0.354601189001734 0.29621205048336 0.177267286977337
786 0.114334879078376 0.353981917265296 0.301304521265309 0.182672483687889
787 0.112775270851962 0.357697547683924 0.299819217287241 0.182672483687889
788 0.11485474848718 0.355220460738172 0.301941080113053 0.18627594816159
789 0.115374617895985 0.362961357443646 0.296848609331104 0.18833507071799
790 0.11485474848718 0.359555362893238 0.29960703100466 0.183702044966089
791 0.11485474848718 0.36791553133515 0.299819217287241 0.184731606244289
792 0.12057331198403 0.373179341094872 0.299394844722078 0.184216825605189
793 0.116934226122398 0.374417884567748 0.302789825243378 0.182157703048788
794 0.116414356713594 0.371631161753778 0.303638570373703 0.18601855784204
795 0.121093181392834 0.366057716125836 0.303638570373703 0.191166364233041
796 0.127331614298488 0.368225167203369 0.304275129221446 0.191166364233041
797 0.121093181392834 0.368844438939807 0.303638570373703 0.189622022315741
798 0.124732267254466 0.367296259598712 0.305123874351771 0.195541999665393
799 0.120053442575225 0.373488976963091 0.30491168806919 0.190651583593941
800 0.119533573166421 0.381229873668566 0.305123874351771 0.196828951263143
801 0.13097070016012 0.381229873668566 0.304062942938865 0.190394193274391
802 0.123692528436857 0.378443150854595 0.305336060634352 0.200689806056394
803 0.122652789619248 0.387422591032945 0.304487315504027 0.193225486789442
804 0.127331614298488 0.381229873668566 0.305972619482096 0.193997657748092
805 0.13097070016012 0.38897077037404 0.306184805764677 0.199402854458644
806 0.13097070016012 0.394544216001982 0.305972619482096 0.198115902860893
807 0.130450830751315 0.386803319296507 0.305548246916933 0.202748928612795
808 0.129411091933706 0.389899677978697 0.305972619482096 0.202491538293245
809 0.129930961342511 0.395473123606639 0.305548246916933 0.198373293180443
810 0.130450830751315 0.393615308397325 0.305972619482096 0.201461977015044
811 0.125772006072075 0.400736933366361 0.305972619482096 0.205322831808296
812 0.126811744889684 0.391138221451573 0.306184805764677 0.207124564045146
813 0.13097070016012 0.398259846420609 0.306184805764677 0.205837612447396
814 0.13097070016012 0.401665840971018 0.305972619482096 0.206867173725596
815 0.139288610700992 0.403214020312113 0.306396992047258 0.209698467240647
816 0.133570047204142 0.402285112707456 0.306184805764677 0.205580222127846
817 0.13564952483936 0.402904384443894 0.307457923460164 0.206609783406046
818 0.13097070016012 0.40104656923458 0.306609178329839 0.206609783406046
819 0.132010438977729 0.40414292791677 0.306821364612421 0.215618444590299
820 0.13097070016012 0.40414292791677 0.306821364612421 0.2202514703422
821 0.131490569568924 0.40414292791677 0.306396992047258 0.214331492992549
822 0.136689263656969 0.40414292791677 0.307670109742745 0.214846273631649
823 0.137209133065774 0.406310378994303 0.306609178329839 0.21947929938355
824 0.13564952483936 0.405691107257865 0.306396992047258 0.115751000604867
825 0.142407827153819 0.405381471389646 0.307033550895002 0.116523171563518
826 0.134609786021751 0.405071835521427 0.307457923460164 0.119869245717669
827 0.136169394248165 0.406620014862522 0.306821364612421 0.119097074759018
828 0.136689263656969 0.40723928659896 0.307457923460164 0.118839684439468
829 0.146566782424255 0.405071835521427 0.307457923460164 0.120641416676319
830 0.142927696562623 0.40723928659896 0.307670109742745 0.120126636037219
831 0.143967435380232 0.406929650730741 0.307670109742745 0.119611855398118
832 0.14708665183306 0.40723928659896 0.308094482307908 0.120384026356769
833 0.137729002474578 0.406929650730741 0.307882296025327 0.121670977954519
834 0.151245607103496 0.40723928659896 0.308094482307908 0.120126636037219
835 0.151245607103496 0.406929650730741 0.30851885487307 0.121413587634969
836 0.149166129468278 0.40723928659896 0.308094482307908 0.122443148913169
837 0.151245607103496 0.40723928659896 0.308094482307908 0.12424488115002
838 0.155924431782736 0.40723928659896 0.308094482307908 0.12424488115002
839 0.14708665183306 0.40723928659896 0.307882296025327 0.126561394025971
840 0.148126390650669 0.406620014862522 0.308094482307908 0.126304003706421
841 0.1517654765123 0.40723928659896 0.308094482307908 0.126561394025971
842 0.155404562373932 0.40723928659896 0.308094482307908 0.126304003706421
843 0.146566782424255 0.40723928659896 0.308094482307908 0.128877906901921
844 0.152285345921105 0.40723928659896 0.308094482307908 0.129907468180122
845 0.159043648235563 0.40723928659896 0.308094482307908 0.129907468180122
846 0.153325084738714 0.40723928659896 0.308094482307908 0.129650077860572
847 0.152805215329909 0.40723928659896 0.308094482307908 0.129907468180122
848 0.158003909417954 0.407548922467179 0.308094482307908 0.133253542334273
849 0.158003909417954 0.40723928659896 0.308306668590489 0.132996152014723
850 0.15748404000915 0.40723928659896 0.308094482307908 0.131966590736522
851 0.160603256461977 0.407858558335398 0.308094482307908 0.130679639138772
852 0.162682734097195 0.40723928659896 0.308094482307908 0.129907468180122
853 0.159043648235563 0.409097101808273 0.308094482307908 0.132996152014723
854 0.162682734097195 0.407548922467179 0.308094482307908 0.136342226168874
855 0.163202603505999 0.408168194203617 0.307882296025327 0.131966590736522
856 0.156444301191541 0.407548922467179 0.307882296025327 0.134025713292923
857 0.16216286468839 0.409406737676492 0.308094482307908 0.134025713292923
858 0.174119861090894 0.408168194203617 0.308094482307908 0.135312664890673
859 0.175159599908503 0.408168194203617 0.308094482307908 0.135827445529774
860 0.175159599908503 0.408787465940055 0.308306668590489 0.138916129364375
861 0.177758946952526 0.408787465940055 0.30851885487307 0.142262203518526
862 0.169441036411653 0.408168194203617 0.308094482307908 0.140717861601225
863 0.17359999168209 0.410335645281149 0.308306668590489 0.140460471281675
864 0.17827881636133 0.410335645281149 0.308943227438233 0.140717861601225
865 0.17827881636133 0.409406737676492 0.308306668590489 0.142519593838076
866 0.178798685770135 0.410954917017587 0.308731041155651 0.139945690642575
867 0.150725737694691 0.409716373544711 0.308731041155651 0.142262203518526
868 0.14708665183306 0.409716373544711 0.308094482307908 0.146637838950877
869 0.152805215329909 0.410335645281149 0.309155413720814 0.147667400229077
870 0.148126390650669 0.41002600941293 0.30851885487307 0.152043035661429
871 0.158003909417954 0.41002600941293 0.308943227438233 0.147410009909527
872 0.152285345921105 0.410335645281149 0.308943227438233 0.148182180868178
873 0.15748404000915 0.410645281149368 0.309367600003395 0.151528255022329
874 0.156444301191541 0.410335645281149 0.309579786285976 0.148696961507278
875 0.155404562373932 0.410335645281149 0.309579786285976 0.149469132465928
876 0.15748404000915 0.41002600941293 0.309579786285976 0.153329987259179
877 0.15748404000915 0.410335645281149 0.310004158851139 0.149726522785478
878 0.15748404000915 0.41002600941293 0.309367600003395 0.150241303424578
879 0.162682734097195 0.411264552885806 0.309155413720814 0.153072596939629
880 0.164762211732413 0.410645281149368 0.309155413720814 0.15744823237198
881 0.17256025286448 0.410335645281149 0.309791972568557 0.151013474383228
882 0.171520514046871 0.410645281149368 0.31021634513372 0.15667606141333
883 0.165801950550022 0.410335645281149 0.31021634513372 0.15513171949603
884 0.172040383455676 0.410645281149368 0.310640717698882 0.152815206620079
885 0.169441036411653 0.410954917017587 0.31021634513372 0.15616128077423
886 0.168921167002849 0.410954917017587 0.309791972568557 0.15564650013513
887 0.163202603505999 0.410335645281149 0.310004158851139 0.15641867109378
888 0.171000644638067 0.410645281149368 0.31021634513372 0.158735183969731
889 0.165801950550022 0.410645281149368 0.31021634513372 0.161566477484782
890 0.17256025286448 0.410954917017587 0.310004158851139 0.163110819402082
891 0.17256025286448 0.410645281149368 0.31021634513372 0.162338648443432
892 0.179838424587744 0.410954917017587 0.310004158851139 0.165169941958483
893 0.178798685770135 0.411574188754025 0.310004158851139 0.163368209721632
894 0.180878163405353 0.410954917017587 0.31021634513372 0.168773406432184
895 0.17827881636133 0.410954917017587 0.31021634513372 0.163368209721632
896 0.182957641040571 0.412503096358682 0.31021634513372 0.168001235473534
897 0.178798685770135 0.411883824622244 0.31021634513372 0.166971674195334
898 0.179318555178939 0.412503096358682 0.31021634513372 0.169545577390834
899 0.218828630248082 0.411264552885806 0.309579786285976 0.166714283875783
900 0.214669674977646 0.411264552885806 0.31021634513372 0.170317748349485
901 0.213110066751232 0.410645281149368 0.31021634513372 0.174435993462286
902 0.222467716109713 0.410335645281149 0.310428531416301 0.171862090266785
903 0.221947846700909 0.412503096358682 0.31021634513372 0.176237725699136
904 0.23130549605939 0.411574188754025 0.31021634513372 0.174435993462286
905 0.230785626650585 0.410645281149368 0.310004158851139 0.175465554740486
906 0.234424712512217 0.412193460490463 0.310004158851139 0.174435993462286
907 0.237024059556239 0.411264552885806 0.31021634513372 0.180355970811938
908 0.23130549605939 0.411883824622244 0.310428531416301 0.178039457935987
909 0.222987585518518 0.410954917017587 0.31021634513372 0.180355970811938
910 0.244822100688307 0.411883824622244 0.31021634513372 0.183959435285639
911 0.231825365468194 0.411883824622244 0.31021634513372 0.181642922409688
912 0.23598432073863 0.411883824622244 0.310428531416301 0.181642922409688
913 0.241183014826676 0.411883824622244 0.309791972568557 0.181385532090138
914 0.240143276009067 0.411264552885806 0.31021634513372 0.181642922409688
915 0.237024059556239 0.410645281149368 0.31021634513372 0.184216825605189
916 0.242742623053089 0.411574188754025 0.31021634513372 0.182929874007439
917 0.24170288423548 0.412503096358682 0.31021634513372 0.189107241676641
918 0.242222753644285 0.412503096358682 0.31021634513372 0.18627594816159
919 0.239103537191457 0.413432003963339 0.310428531416301 0.18884985135709
920 0.252620141820375 0.411883824622244 0.31021634513372 0.190394193274391
921 0.24742144773233 0.41312236809512 0.31021634513372 0.192195925511242
922 0.242222753644285 0.41312236809512 0.310428531416301 0.193225486789442
923 0.258338705317224 0.412193460490463 0.310428531416301 0.199660244778194
924 0.249500925367548 0.41312236809512 0.310428531416301 0.193225486789442
925 0.255739358273202 0.412193460490463 0.31021634513372 0.198115902860893
926 0.257298966499615 0.41312236809512 0.310004158851139 0.198373293180443
927 0.263537399405269 0.41312236809512 0.31021634513372 0.201461977015044
928 0.263537399405269 0.412503096358682 0.31021634513372 0.202234147973695
929 0.259898313543638 0.411264552885806 0.31021634513372 0.210213247879747
930 0.258338705317224 0.412812732226901 0.31021634513372 0.214331492992549
931 0.264577138222878 0.412503096358682 0.310640717698882 0.209955857560197
932 0.263537399405269 0.413741639831558 0.310004158851139 0.212014980116598
933 0.26821622408451 0.41312236809512 0.310428531416301 0.206867173725596
934 0.264057268814074 0.413432003963339 0.310428531416301 0.207124564045146
935 0.263537399405269 0.41312236809512 0.31021634513372 0.208668905962447
936 0.270815571128533 0.413432003963339 0.310004158851139 0.211500199477498
937 0.275494395807773 0.413432003963339 0.31021634513372 0.21742017682715
938 0.284852045166254 0.412193460490463 0.31021634513372 0.213816712353448
939 0.269255962902119 0.412193460490463 0.310640717698882 0.216390615548949
940 0.274454656990164 0.41312236809512 0.31021634513372 0.21896451874445
941 0.282252698122232 0.413432003963339 0.310428531416301 0.217162786507599
942 0.279653351078209 0.413432003963339 0.310004158851139 0.222053202579051
943 0.28433217575745 0.412503096358682 0.310852903981463 0.382407371658752
944 0.28433217575745 0.411883824622244 0.31021634513372 0.387812568369304
945 0.28901100043669 0.412812732226901 0.310004158851139 0.388842129647504
946 0.282772567531036 0.41312236809512 0.310428531416301 0.389356910286604
947 0.284852045166254 0.41312236809512 0.31021634513372 0.389871690925704
948 0.292130216889517 0.41312236809512 0.310640717698882 0.392445594121205
949 0.286411653392668 0.413432003963339 0.31021634513372 0.391930813482105
950 0.290050739254299 0.412503096358682 0.310852903981463 0.392188203801655
951 0.296289172159953 0.413432003963339 0.31021634513372 0.392445594121205
952 0.292130216889517 0.41312236809512 0.310640717698882 0.392702984440755
953 0.299928258021585 0.412503096358682 0.310428531416301 0.392188203801655
954 0.307726299153653 0.413432003963339 0.31021634513372 0.392702984440755
955 0.31084551560648 0.412812732226901 0.310852903981463 0.392445594121205
956 0.300448127430389 0.413432003963339 0.310852903981463 0.392445594121205
957 0.284852045166254 0.413432003963339 0.311277276546626 0.392702984440755
